0.0512897 0 -0.628299 0 0 0 0 
0.0533387 0 -0.628347 0 -0.235619 0.0001 0 
0.05537 0 -0.628299 0 0.235619 0.0002 0 
0.0573941 0 -0.628347 0 -0.235619 0.0003 0 
0.0594245 0 -0.628347 0 0 0.0004 0 
0.0614828 0 -0.628299 0 0.235619 0.0005 0 
0.0635417 0 -0.628299 0 0 0.0006 0 
0.0655987 0 -0.628299 0 0 0.0007 0 
0.0676586 0 -0.628347 0 0 0.0008 0 
0.0696954 0 -0.628299 0 0.235619 0.0009 0 
0.0717807 0 -0.628299 0 0.235619 0.001 0 
0.073841 0 -0.628299 0 0 0.0011 0 
0.0758899 0 -0.628299 0 0 0.0012 0 
0.0779413 0 -0.628299 0 0.235619 0.0013 0 
0.0800002 0 -0.628299 0 0 0.0014 0 
0.0820461 0 -0.628347 0 -0.235619 0.0015 0 
0.0840889 0 -0.628299 0 0.235619 0.0016 0 
0.0861278 0 -0.628347 0 0 0.0017 0 
0.0881734 0 -0.628347 0 -0.235619 0.0018 0 
0.0902307 0 -0.628299 0 0.235619 0.0019 0 
0.0922775 0 -0.628347 0 0 0.002 0 
0.0943361 0 -0.628299 0 0.235619 0.0021 0 
0.0963904 0 -0.628299 0 0 0.0022 0 
0.0984424 0 -0.628299 0 0 0.0023 0 
0.100487 0 -0.628299 0 0.235619 0.0024 0 
0.102533 0 -0.628347 0 -0.235619 0.0025 0 
0.104587 0 -0.628347 0 -0.235619 0.0026 0 
0.106634 0 -0.628299 0 0 0.0027 0 
0.108684 0 -0.628299 0 0.235619 0.0028 0 
0.110736 0 -0.628299 0 0 0.0029 0 
0.112784 0 -0.628299 0 0.235619 0.003 0 
0.114836 0 -0.628299 0 0 0.0031 0 
0.116878 0 -0.628299 0 0 0.0032 0 
0.118909 0 -0.628299 0 0 0.0033 0 
0.120965 0 -0.628299 0 0 0.0034 0 
0.123508 0 -0.628347 0 -0.235619 0.0035 0 
0.126039 0 -0.628347 0 0 0.0036 0 
0.128726 0 -0.628347 0 -0.235619 0.0037 0 
0.131704 0 -0.628347 0 0 0.0038 0 
0.133742 0 -0.628299 0 -0.235619 0.0039 0 
0.135778 0 -0.628347 0 0 0.004 0 
0.137802 0 -0.628299 0 0 0.0041 0 
0.139826 0 -0.628299 0 0 0.0042 0 
0.14186 0 -0.628299 0 0 0.0043 0 
0.143886 0 -0.628299 0 -0.235619 0.0044 0 
0.145902 0 -0.628347 0 0 0.0045 0 
0.14792 0 -0.628347 0 0 0.0046 0 
0.149938 0 -0.628347 0 -0.235619 0.0047 0 
0.151955 0 -0.628347 0 -0.235619 0.0048 0 
0.153972 0 -0.628299 0 0.235619 0.0049 0 
0.155998 0 -0.628299 0 0 0.005 0 
0.158024 0 -0.628299 0 0 0.0051 0 
0.160062 0 -0.628299 0 0.235619 0.0052 0 
0.162083 0 -0.628347 0 0 0.0053 0 
0.164107 0 -0.628299 0 0 0.0054 0 
0.166133 0 -0.628347 0 0 0.0055 0 
0.168164 0 -0.628347 0 -0.235619 0.0056 0 
0.170205 0 -0.628299 0 0.235619 0.0057 0 
0.172264 0 -0.628347 0 -0.235619 0.0058 0 
0.174318 0 -0.628347 0 -0.235619 0.0059 0 
0.17634 0 -0.628299 0 0 0.006 0 
0.178363 0 -0.628299 0 0 0.0061 0 
0.180383 0 -0.628299 0 0 0.0062 0 
0.182404 0 -0.628299 0 0.235619 0.0063 0 
0.184427 0 -0.628347 0 -0.235619 0.0064 0 
0.186457 0 -0.628299 0 0.235619 0.0065 0 
0.188479 0 -0.628299 0 -0.235619 0.0066 0 
0.190492 0 -0.628299 0 0.235619 0.0067 0 
0.192506 0 -0.628299 0 0 0.0068 0 
0.194525 0 -0.628299 0 0 0.0069 0 
0.196538 0 -0.628299 0 0 0.007 0 
0.198557 0 -0.628299 0 0.235619 0.0071 0 
0.200576 0 -0.628299 0 0 0.0072 0 
0.202595 0 -0.628299 0 0 0.0073 0 
0.204619 0 -0.628299 0 0 0.0074 0 
0.206655 0 -0.628299 0 0.235619 0.0075 0 
0.208854 0 -0.628299 0 0 0.0076 0 
0.210867 0 -0.628347 0 0.235619 0.0077 0 
0.212885 0 -0.628299 0 0 0.0078 0 
0.214901 0 -0.628347 0 -0.235619 0.0079 0 
0.21692 0 -0.628299 0 0 0.008 0 
0.218936 0 -0.628299 0 0.235619 0.0081 0 
0.220953 0 -0.628299 0 0 0.0082 0 
0.22298 0 -0.628299 0 0.235619 0.0083 0 
0.225002 0 -0.628347 0 -0.235619 0.0084 0 
0.227017 0 -0.628299 0 0.235619 0.0085 0 
0.229039 0 -0.628347 0 -0.235619 0.0086 0 
0.231055 0 -0.628299 0 0.235619 0.0087 0 
0.233068 0 -0.628347 0 0 0.0088 0 
0.235094 0 -0.628347 0 -0.235619 0.0089 0 
0.237125 0 -0.628299 0 0.235619 0.009 0 
0.239153 0 -0.628299 0 0 0.0091 0 
0.241169 0 -0.628299 0 -0.235619 0.0092 0 
0.243193 0 -0.628347 0 0 0.0093 0 
0.245206 0 -0.628347 0 0 0.0094 0 
0.247234 0 -0.628299 0 0 0.0095 0 
0.249253 0 -0.628299 0 0 0.0096 0 
0.251269 0 -0.628299 0 -0.235619 0.0097 0 
0.253296 0 -0.628299 0 0.235619 0.0098 0 
0.255326 0 -0.628299 0 0.235619 0.0099 0 
0.257343 0 -0.628347 0 -0.235619 0.01 0 
0.25937 0 -0.628299 0 0 0.0101 0 
0.2614 0 -0.628299 0 0.235619 0.0102 0 
0.263522 0 -0.628347 0 -0.235619 0.0103 0 
0.265551 0 -0.628299 0 0 0.0104 0 
0.267579 0 -0.628347 0 0 0.0105 0 
0.269603 0 -0.628347 0 -0.235619 0.0106 0 
0.271644 0 -0.628299 0 0 0.0107 0 
0.273676 0 -0.628347 0 -0.235619 0.0108 0 
0.275687 0 -0.628347 0 0 0.0109 0 
0.277712 0 -0.628347 0 -0.235619 0.011 0 
0.279743 0 -0.628299 0 0.235619 0.0111 0 
0.281755 0 -0.628299 0 0 0.0112 0 
0.283783 0 -0.628347 0 -0.235619 0.0113 0 
0.28581 0 -0.628347 0 0 0.0114 0 
0.287833 0 -0.628347 0 0 0.0115 0 
0.289847 0 -0.628299 0 0.235619 0.0116 0 
0.29204 0 -0.628299 0 0 0.0117 0 
0.294053 0 -0.628299 0 0 0.0118 0 
0.296103 0 -0.628299 0 0 0.0119 0 
0.298133 0 -0.628299 0 0 0.012 0 
0.300172 0 -0.628347 0 0 0.0121 0 
0.302413 0 -0.628347 0 -0.235619 0.0122 0 
0.304622 0 -0.628299 0 0 0.0123 0 
0.306688 0 -0.628299 0 0 0.0124 0 
0.308709 0 -0.628299 0 0 0.0125 0 
0.310729 0 -0.628299 0 0 0.0126 0 
0.312747 0 -0.628299 0 0 0.0127 0 
0.31476 0 -0.628299 0 0 0.0128 0 
0.316783 0 -0.628299 0 0 0.0129 0 
0.318801 0 -0.628299 0 0 0.013 0 
0.320849 0 -0.628299 0 0 0.0131 0 
0.322862 0 -0.628299 0 -0.235619 0.0132 0 
0.324877 0 -0.628299 0 0.235619 0.0133 0 
0.326904 0 -0.628299 0 0 0.0134 0 
0.32892 0 -0.628299 0 0.235619 0.0135 0 
0.330938 0 -0.628347 0 -0.235619 0.0136 0 
0.332972 0 -0.628299 0 0.235619 0.0137 0 
0.334986 0 -0.628347 0 -0.235619 0.0138 0 
0.337002 0 -0.628299 0 0.235619 0.0139 0 
0.339023 0 -0.628299 0 0 0.014 0 
0.341038 0 -0.628299 0 0 0.0141 0 
0.343052 0 -0.628299 0 0 0.0142 0 
0.34507 0 -0.628347 0 0 0.0143 0 
0.347092 0 -0.628299 0 0 0.0144 0 
0.349106 0 -0.628299 0 0 0.0145 0 
0.351576 0 -0.628299 0 0 0.0146 0 
0.353616 0 -0.628299 0 0 0.0147 0 
0.355626 0 -0.628299 0 0.235619 0.0148 0 
0.357652 0 -0.628347 0 0 0.0149 0 
0.359655 0 -0.628347 0 0 0.015 0 
0.361706 0 -0.628347 0 0 0.0151 0 
0.363685 0 -0.628347 0 -0.235619 0.0152 0 
0.365659 0 -0.628299 0 0.235619 0.0153 0 
0.367631 0 -0.628347 0 -0.235619 0.0154 0 
0.369605 0 -0.628347 0 0 0.0155 0 
0.371569 0 -0.628299 0 0.235619 0.0156 0 
0.373535 0 -0.628299 0 0 0.0157 0 
0.375508 0 -0.628347 0 -0.235619 0.0158 0 
0.377478 0 -0.628347 0 0 0.0159 0 
0.379442 0 -0.628299 0 0.235619 0.016 0 
0.381416 0 -0.628299 0 0 0.0161 0 
0.383384 0 -0.628299 0 0 0.0162 0 
0.385349 0 -0.628347 0 0 0.0163 0 
0.387316 0 -0.628299 0 0.235619 0.0164 0 
0.389286 0 -0.628347 0 0 0.0165 0 
0.39125 0 -0.628299 0 0.235619 0.0166 0 
0.39326 0 -0.628347 0 -0.235619 0.0167 0 
0.395517 0 -0.628347 0 -0.235619 0.0168 0 
0.397592 0 -0.628299 0 -0.235619 0.0169 0 
0.399687 0 -0.628299 0 0 0.017 0 
0.401694 0 -0.628347 0 -0.235619 0.0171 0 
0.403683 0 -0.628299 0 0.235619 0.0172 0 
0.405665 0 -0.628347 0 -0.235619 0.0173 0 
0.407639 0 -0.628299 0 0 0.0174 0 
0.409632 0 -0.628299 0 0 0.0175 0 
0.411622 0 -0.628299 0 0 0.0176 0 
0.413608 0 -0.628347 0 -0.235619 0.0177 0 
0.415594 0 -0.628347 0 -0.235619 0.0178 0 
0.417564 0 -0.628347 0 -0.235619 0.0179 0 
0.419569 0 -0.628299 0 0.235619 0.018 0 
0.421565 0 -0.628299 0 0 0.0181 0 
0.423537 0 -0.628347 0 0 0.0182 0 
0.425501 0 -0.628299 0 0.235619 0.0183 0 
0.427465 0 -0.628299 0 0.235619 0.0184 0 
0.429453 0 -0.628299 0 0 0.0185 0 
0.431486 0 -0.628299 0 0.235619 0.0186 0 
0.433442 0 -0.628299 0 0 0.0187 0 
0.435397 0 -0.628347 0 -0.235619 0.0188 0 
0.437358 0 -0.628299 0 0.235619 0.0189 0 
0.439313 0 -0.628347 0 -0.235619 0.019 0 
0.44128 0 -0.628299 0 0 0.0191 0 
0.443245 0 -0.628299 0 0 0.0192 0 
0.445202 0 -0.628299 0 0 0.0193 0 
0.447162 0 -0.628299 0 0 0.0194 0 
0.449129 0 -0.628299 0 0 0.0195 0 
0.451096 0 -0.628299 0 0 0.0196 0 
0.453058 0 -0.628299 0 0.235619 0.0197 0 
0.455035 0 -0.628347 0 0.235619 0.0198 0 
0.457002 0 -0.628347 0 -0.235619 0.0199 0 
0.45897 0 -0.628299 0 0 0.02 0 
0.460943 0 -0.628299 0 0 0.0201 0 
0.462919 0 -0.628347 0 -0.235619 0.0202 0 
0.464886 0 -0.628299 0 0.235619 0.0203 0 
0.466864 0 -0.628299 0 0 0.0204 0 
0.468878 0 -0.628299 0 0 0.0205 0 
0.470865 0 -0.628347 0 -0.235619 0.0206 0 
0.472835 0 -0.628299 0 0 0.0207 0 
0.474799 0 -0.628347 0 -0.235619 0.0208 0 
0.47676 0 -0.628299 0 0.235619 0.0209 0 
0.478728 0 -0.628347 0 0 0.021 0 
0.480698 0 -0.628347 0 0 0.0211 0 
0.482665 0 -0.628299 0 0.235619 0.0212 0 
0.484631 0 -0.628299 0 0.235619 0.0213 0 
0.486752 0 -0.628299 0 0 0.0214 0 
0.488725 0 -0.628299 0 0 0.0215 0 
0.490704 0 -0.628299 0 0.235619 0.0216 0 
0.492701 0 -0.628299 0 -0.235619 0.0217 0 
0.494678 0 -0.628299 0 0 0.0218 0 
0.496614 0 -0.628299 0 0 0.0219 0 
0.4986 0 -0.628299 0 0.235619 0.022 0 
0.500581 0 -0.628299 0 0.235619 0.0221 0 
0.502572 0 -0.628347 0 -0.235619 0.0222 0 
0.504556 0 -0.628347 0 0 0.0223 0 
0.506537 0 -0.628347 0 0 0.0224 0 
0.50852 0 -0.628299 0 0.235619 0.0225 0 
0.510502 0 -0.628299 0 0 0.0226 0 
0.512472 0 -0.628347 0 -0.235619 0.0227 0 
0.514463 0 -0.628299 0 0.235619 0.0228 0 
0.516454 0 -0.628299 0 0 0.0229 0 
0.518431 0 -0.628299 0 0.235619 0.023 0 
0.520414 0 -0.628299 0 0.235619 0.0231 0 
0.522393 0 -0.628347 0 -0.235619 0.0232 0 
0.524354 0 -0.628347 0 -0.235619 0.0233 0 
0.52634 0 -0.628299 0 0.235619 0.0234 0 
0.528345 0 -0.628299 0 0 0.0235 0 
0.530321 0 -0.628299 0 0 0.0236 0 
0.53228 0 -0.628299 0 0 0.0237 0 
0.534281 0 -0.628299 0 0.235619 0.0238 0 
0.536251 0 -0.628299 0 0 0.0239 0 
0.538261 0 -0.628299 0 0 0.024 0 
0.540222 0 -0.628347 0 0 0.0241 0 
0.542182 0 -0.628299 0 0.235619 0.0242 0 
0.544147 0 -0.628347 0 -0.235619 0.0243 0 
0.546106 0 -0.628299 0 0 0.0244 0 
0.548062 0 -0.628299 0 0.235619 0.0245 0 
0.55003 0 -0.628299 0 0 0.0246 0 
0.552 0 -0.628347 0 -0.235619 0.0247 0 
0.553964 0 -0.628299 0 0.235619 0.0248 0 
0.555933 0 -0.628299 0 0 0.0249 0 
0.557896 0 -0.628347 0 -0.235619 0.025 0 
0.559862 0 -0.628347 0 -0.235619 0.0251 0 
0.561849 0 -0.628347 0 0 0.0252 0 
0.563827 0 -0.628299 0 -0.235619 0.0253 0 
0.565784 0 -0.628299 0 0 0.0254 0 
0.567747 0 -0.628299 0 0.235619 0.0255 0 
0.569717 0 -0.628299 0 0 0.0256 0 
0.571685 0 -0.628299 0 0 0.0257 0 
0.57365 0 -0.628299 0 0 0.0258 0 
0.575626 0 -0.628299 0 0 0.0259 0 
0.577586 0 -0.628299 0 0 0.026 0 
0.579549 0 -0.628347 0 -0.235619 0.0261 0 
0.581514 0 -0.628299 0 0 0.0262 0 
0.583478 0 -0.628299 0 0 0.0263 0 
0.585476 0 -0.628299 0 -0.235619 0.0264 0 
0.587444 0 -0.628299 0 0.235619 0.0265 0 
0.589416 0 -0.628347 0 0 0.0266 0 
0.591379 0 -0.628347 0 0 0.0267 0 
0.593383 0 -0.628299 0 0 0.0268 0 
0.595352 0 -0.628347 0 -0.235619 0.0269 0 
0.59732 0 -0.628347 0 -0.235619 0.027 0 
0.599312 0 -0.628347 0 0 0.0271 0 
0.601413 0 -0.628299 0 0.235619 0.0272 0 
0.603378 0 -0.628347 0 0 0.0273 0 
0.605348 0 -0.628299 0 0 0.0274 0 
0.607336 0 -0.628299 0 0 0.0275 0 
0.609329 0 -0.628347 0 -0.235619 0.0276 0 
0.611315 0 -0.628299 0 0 0.0277 0 
0.613282 0 -0.628299 0 0 0.0278 0 
0.615245 0 -0.628347 0 -0.235619 0.0279 0 
0.617219 0 -0.628299 0 0.235619 0.028 0 
0.619315 0 -0.628299 0 0 0.0281 0 
0.621279 0 -0.628299 0 0 0.0282 0 
0.623249 0 -0.628299 0 0.235619 0.0283 0 
0.625215 0 -0.628299 0 0 0.0284 0 
0.62718 0 -0.628347 0 -0.235619 0.0285 0 
0.629149 0 -0.628299 0 0 0.0286 0 
0.631121 0 -0.628299 0 0 0.0287 0 
0.633114 0 -0.628347 0 0 0.0288 0 
0.635078 0 -0.628347 0 -0.235619 0.0289 0 
0.637041 0 -0.628347 0 0 0.029 0 
0.639001 0 -0.628299 0 0.235619 0.0291 0 
0.640964 0 -0.628347 0 0 0.0292 0 
0.642928 0 -0.628299 0 0 0.0293 0 
0.644886 0 -0.628347 0 -0.235619 0.0294 0 
0.646851 0 -0.628347 0 0 0.0295 0 
0.648821 0 -0.628299 0 0 0.0296 0 
0.650788 0 -0.628347 0 -0.235619 0.0297 0 
0.652757 0 -0.628347 0 -0.235619 0.0298 0 
0.654735 0 -0.628299 0 0.235619 0.0299 0 
0.656706 0 -0.628299 0 0 0.03 0 
0.658672 0 -0.628347 0 -0.235619 0.0301 0 
0.66064 0 -0.628299 0 0 0.0302 0 
0.662606 0 -0.628299 0 0 0.0303 0 
0.664578 0 -0.628347 0 0 0.0304 0 
0.666576 0 -0.628347 0 0 0.0305 0 
0.668543 0 -0.628299 0 0.235619 0.0306 0 
0.670555 0 -0.628299 0 0 0.0307 0 
0.67258 0 -0.628299 0 0 0.0308 0 
0.67478 0 -0.628299 0 0.235619 0.0309 0 
0.676833 0 -0.628299 0 0.235619 0.031 0 
0.678888 0 -0.628347 0 -0.235619 0.0311 0 
0.680945 0 -0.628347 0 -0.235619 0.0312 0 
0.682998 0 -0.628299 0 0.235619 0.0313 0 
0.685059 0 -0.628299 0 0.235619 0.0314 0 
0.687115 0 -0.628347 0 0 0.0315 0 
0.689159 0 -0.628347 0 -0.235619 0.0316 0 
0.691252 0 -0.628299 0 0.235619 0.0317 0 
0.693249 0 -0.628347 0 0 0.0318 0 
0.695244 0 -0.628347 0 0 0.0319 0 
0.697244 0 -0.628347 0 0 0.032 0 
0.699239 0 -0.628347 0 0 0.0321 0 
0.701231 0 -0.628347 0 0 0.0322 0 
0.70324 0 -0.628299 0 0 0.0323 0 
0.705228 0 -0.628299 0 0.235619 0.0324 0 
0.70722 0 -0.628299 0 -0.235619 0.0325 0 
0.709213 0 -0.628347 0 -0.235619 0.0326 0 
0.711209 0 -0.628299 0 0.235619 0.0327 0 
0.713196 0 -0.628347 0 -0.235619 0.0328 0 
0.715197 0 -0.628347 0 0 0.0329 0 
0.717189 0 -0.628347 0 0 0.033 0 
0.719192 0 -0.628347 0 0 0.0331 0 
0.721192 0 -0.628299 0 0.235619 0.0332 0 
0.723184 0 -0.628299 0 0 0.0333 0 
0.725169 0 -0.628299 0 -0.235619 0.0334 0 
0.727167 0 -0.628299 0 -0.235619 0.0335 0 
0.729163 0 -0.628347 0 0 0.0336 0 
0.731156 0 -0.628299 0 0 0.0337 0 
0.73315 0 -0.628299 0 0 0.0338 0 
0.735148 0 -0.628299 0 0.235619 0.0339 0 
0.737244 0 -0.628347 0 -0.235619 0.034 0 
0.739236 0 -0.628347 0 0 0.0341 0 
0.741234 0 -0.628299 0 0 0.0342 0 
0.743225 0 -0.628299 0 0 0.0343 0 
0.745221 0 -0.628347 0 0 0.0344 0 
0.747216 0 -0.628347 0 -0.235619 0.0345 0 
0.749204 0 -0.628299 0 0.235619 0.0346 0 
0.75121 0 -0.628347 0 -0.235619 0.0347 0 
0.7532 0 -0.628347 0 0 0.0348 0 
0.75519 0 -0.628347 0 0 0.0349 0 
0.757186 0 -0.628299 0 0.235619 0.035 0 
0.759181 0 -0.628347 0 0 0.0351 0 
0.761169 0 -0.628347 0 -0.235619 0.0352 0 
0.763168 0 -0.628299 0 0.235619 0.0353 0 
0.765167 0 -0.628299 0 0 0.0354 0 
0.767155 0 -0.628347 0 0 0.0355 0 
0.769185 0 -0.628299 0 0.235619 0.0356 0 
0.771447 0 -0.628299 0 0 0.0357 0 
0.773452 0 -0.628299 0 0.235619 0.0358 0 
0.775454 0 -0.628347 0 -0.235619 0.0359 0 
0.777456 0 -0.628299 0 0.235619 0.036 0 
0.77942 0 -0.628299 0 0 0.0361 0 
0.781377 0 -0.628347 0 0 0.0362 0 
0.783349 0 -0.628347 0 -0.235619 0.0363 0 
0.785314 0 -0.628299 0 0 0.0364 0 
0.787287 0 -0.628347 0 -0.235619 0.0365 0 
0.789257 0 -0.628299 0 -0.235619 0.0366 0 
0.791224 0 -0.628299 0 0.235619 0.0367 0 
0.793194 0 -0.628347 0 0 0.0368 0 
0.795166 0 -0.628299 0 0.235619 0.0369 0 
0.797135 0 -0.628347 0 0 0.037 0 
0.799104 0 -0.628299 0 0 0.0371 0 
0.801073 0 -0.628299 0 0 0.0372 0 
0.803041 0 -0.628347 0 -0.235619 0.0373 0 
0.805024 0 -0.628299 0 0.235619 0.0374 0 
0.807002 0 -0.628347 0 -0.235619 0.0375 0 
0.808972 0 -0.628347 0 0 0.0376 0 
0.810961 0 -0.628299 0 0 0.0377 0 
0.813057 0 -0.628299 0 0 0.0378 0 
0.815042 0 -0.628347 0 0 0.0379 0 
0.817024 0 -0.628299 0 0 0.038 0 
0.819057 0 -0.628347 0 -0.235619 0.0381 0 
0.821099 0 -0.628299 0 0.235619 0.0382 0 
0.82313 0 -0.628299 0 0 0.0383 0 
0.825186 0 -0.628299 0 0 0.0384 0 
0.827211 0 -0.628299 0 0 0.0385 0 
0.829221 0 -0.628299 0 0 0.0386 0 
0.831244 0 -0.628299 0 0 0.0387 0 
0.833254 0 -0.628299 0 -0.235619 0.0388 0 
0.835293 0 -0.628299 0 0.235619 0.0389 0 
0.837297 0 -0.628299 0 0 0.039 0 
0.839297 0 -0.628347 0 -0.235619 0.0391 0 
0.841299 0 -0.628299 0 0.235619 0.0392 0 
0.843301 0 -0.628347 0 -0.235619 0.0393 0 
0.845288 0 -0.628347 0 0 0.0394 0 
0.847283 0 -0.628347 0 0 0.0395 0 
0.849275 0 -0.628347 0 0 0.0396 0 
0.851275 0 -0.628347 0 0 0.0397 0 
0.853269 0 -0.628299 0 0.235619 0.0398 0 
0.855272 0 -0.628299 0 0 0.0399 0 
0.857263 0 -0.628299 0 0 0.04 0 
0.859256 0 -0.628299 0 0 0.0401 0 
0.861255 0 -0.628347 0 -0.235619 0.0402 0 
0.863254 0 -0.628347 0 0 0.0403 0 
0.865244 0 -0.628347 0 0 0.0404 0 
0.86724 0 -0.628299 0 0.235619 0.0405 0 
0.869239 0 -0.628299 0 0.235619 0.0406 0 
0.871253 0 -0.628299 0 0.235619 0.0407 0 
0.873299 0 -0.628299 0 0 0.0408 0 
0.875329 0 -0.628299 0 0.235619 0.0409 0 
0.877327 0 -0.628299 0 0 0.041 0 
0.879353 0 -0.628347 0 -0.235619 0.0411 0 
0.881379 0 -0.628299 0 0.235619 0.0412 0 
0.883412 0 -0.628299 0 0.235619 0.0413 0 
0.885437 0 -0.628299 0 0 0.0414 0 
0.887457 0 -0.628299 0 0 0.0415 0 
0.88946 0 -0.628299 0 0 0.0416 0 
0.891447 0 -0.628299 0 0 0.0417 0 
0.893449 0 -0.628299 0 0.235619 0.0418 0 
0.895452 0 -0.628299 0 0 0.0419 0 
0.897447 0 -0.628347 0 -0.235619 0.042 0 
0.899435 0 -0.628347 0 0 0.0421 0 
0.901442 0 -0.628299 0 0.235619 0.0422 0 
0.903432 0 -0.628299 0 0 0.0423 0 
0.905413 0 -0.628347 0 -0.235619 0.0424 0 
0.907396 0 -0.628299 0 0 0.0425 0 
0.909363 0 -0.628299 0 0 0.0426 0 
0.911336 0 -0.628347 0 -0.235619 0.0427 0 
0.91358 0 -0.628299 0 0.235619 0.0428 0 
0.915553 0 -0.628299 0 0 0.0429 0 
0.91752 0 -0.628299 0 0.235619 0.043 0 
0.9195 0 -0.628299 0 0.235619 0.0431 0 
0.921461 0 -0.628347 0 -0.235619 0.0432 0 
0.923431 0 -0.628299 0 0 0.0433 0 
0.925411 0 -0.628299 0 0 0.0434 0 
0.927395 0 -0.628299 0 0.235619 0.0435 0 
0.929377 0 -0.628299 0 0.235619 0.0436 0 
0.931363 0 -0.628299 0 0 0.0437 0 
0.933335 0 -0.628347 0 -0.235619 0.0438 0 
0.935319 0 -0.628347 0 -0.235619 0.0439 0 
0.937297 0 -0.628299 0 0 0.044 0 
0.939274 0 -0.628347 0 0 0.0441 0 
0.941247 0 -0.628299 0 0 0.0442 0 
0.94327 0 -0.628347 0 0 0.0443 0 
0.945392 0 -0.628347 0 0 0.0444 0 
0.947361 0 -0.628347 0 -0.235619 0.0445 0 
0.949371 0 -0.628299 0 0.235619 0.0446 0 
0.951507 0 -0.628299 0 0 0.0447 0 
0.953538 0 -0.628299 0 0 0.0448 0 
0.955523 0 -0.628299 0 0 0.0449 0 
0.957487 0 -0.628347 0 -0.235619 0.045 0 
0.959454 0 -0.628299 0 -0.235619 0.0451 0 
0.961441 0 -0.628299 0 0 0.0452 0 
0.963429 0 -0.628347 0 -0.235619 0.0453 0 
0.965409 0 -0.628299 0 0.235619 0.0454 0 
0.967377 0 -0.628347 0 -0.235619 0.0455 0 
0.969349 0 -0.628299 0 0 0.0456 0 
0.971326 0 -0.628299 0 0 0.0457 0 
0.973311 0 -0.628299 0 0 0.0458 0 
0.975288 0 -0.628299 0 0 0.0459 0 
0.977266 0 -0.628299 0 0 0.046 0 
0.97924 0 -0.628299 0 0.235619 0.0461 0 
0.981213 0 -0.628299 0 0 0.0462 0 
0.983186 0 -0.628347 0 -0.235619 0.0463 0 
0.98519 0 -0.628299 0 0 0.0464 0 
0.98717 0 -0.628347 0 -0.235619 0.0465 0 
0.989148 0 -0.628299 0 0 0.0466 0 
0.991131 0 -0.628299 0 0.235619 0.0467 0 
0.993112 0 -0.628347 0 -0.235619 0.0468 0 
0.995094 0 -0.628347 0 0 0.0469 0 
0.997083 0 -0.628347 0 -0.235619 0.047 0 
0.999066 0 -0.628299 0 0 0.0471 0 
1.00104 0 -0.628299 0 0 0.0472 0 
1.00303 0 -0.628299 0 0 0.0473 0 
1.00501 0 -0.628299 0 0 0.0474 0 
1.00699 0 -0.628347 0 -0.235619 0.0475 0 
1.00897 0 -0.628299 0 0.235619 0.0476 0 
1.01095 0 -0.628347 0 -0.235619 0.0477 0 
1.01292 0 -0.628299 0 0 0.0478 0 
1.0149 0 -0.628347 0 -0.235619 0.0479 0 
1.01694 0 -0.628347 0 0 0.048 0 
1.01898 0 -0.628299 0 0.235619 0.0481 0 
1.02106 0 -0.628299 0 0 0.0482 0 
1.02309 0 -0.628299 0 0 0.0483 0 
1.02513 0 -0.628299 0 0 0.0484 0 
1.02718 0 -0.628299 0 0.235619 0.0485 0 
1.02922 0 -0.628299 0 0 0.0486 0 
1.03126 0 -0.628299 0 0 0.0487 0 
1.0333 0 -0.628347 0 0 0.0488 0 
1.03534 0 -0.628299 0 0 0.0489 0 
1.03737 0 -0.628299 0 0 0.049 0 
1.03942 0 -0.628299 0 0 0.0491 0 
1.04146 0 -0.628299 0 0 0.0492 0 
1.04355 0 -0.628347 0 0 0.0493 0 
1.04559 0 -0.628299 0 0 0.0494 0 
1.04762 0 -0.628299 0 0 0.0495 0 
1.04967 0 -0.628347 0 -0.235619 0.0496 0 
1.05175 0 -0.628347 0 0 0.0497 0 
1.05379 0 -0.628299 0 0.235619 0.0498 0 
1.05583 0 -0.628347 0 -0.235619 0.0499 0 
1.05788 0 -0.628299 0 -0.235619 0.05 0 
1.05991 0 -0.628299 0 0.235619 0.0501 0 
1.06195 0 -0.628347 0 -0.235619 0.0502 0 
1.06399 0 -0.628299 0 0 0.0503 0 
1.06603 0 -0.628299 0 0 0.0504 0 
1.06807 0 -0.628299 0 0.235619 0.0505 0 
1.07011 0 -0.628299 0 0 0.0506 0 
1.07216 0 -0.628347 0 0 0.0507 0 
1.0742 0 -0.628299 0 0 0.0508 0 
1.07624 0 -0.628347 0 -0.235619 0.0509 0 
1.0783 0 -0.628299 0 0.235619 0.051 0 
1.08034 0 -0.628347 0 -0.235619 0.0511 0 
1.08239 0 -0.628347 0 0 0.0512 0 
1.08443 0 -0.628347 0 0 0.0513 0 
1.08649 0 -0.628299 0 0.235619 0.0514 0 
1.08854 0 -0.628299 0 0.235619 0.0515 0 
1.09057 0 -0.628299 0 0 0.0516 0 
1.09259 0 -0.628347 0 -0.235619 0.0517 0 
1.09463 0 -0.628299 0 0 0.0518 0 
1.09667 0 -0.628347 0 0.235619 0.0519 0 
1.09871 0 -0.628299 0 0 0.052 0 
1.10075 0 -0.628299 0 0 0.0521 0 
1.10279 0 -0.628299 0 0.235619 0.0522 0 
1.10482 0 -0.628347 0 0 0.0523 0 
1.10687 0 -0.628347 0 -0.235619 0.0524 0 
1.10891 0 -0.628299 0 0.235619 0.0525 0 
1.11094 0 -0.628299 0 0 0.0526 0 
1.11298 0 -0.628347 0 0 0.0527 0 
1.11517 0 -0.628347 0 0 0.0528 0 
1.11729 0 -0.628347 0 -0.235619 0.0529 0 
1.11932 0 -0.628299 0 0.235619 0.053 0 
1.12137 0 -0.628299 0 0.235619 0.0531 0 
1.12347 0 -0.628347 0 -0.235619 0.0532 0 
1.12551 0 -0.628299 0 0.235619 0.0533 0 
1.12753 0 -0.628299 0 0.235619 0.0534 0 
1.12952 0 -0.628347 0 -0.235619 0.0535 0 
1.13152 0 -0.628347 0 0 0.0536 0 
1.13357 0 -0.628299 0 0 0.0537 0 
1.13556 0 -0.628299 0 0 0.0538 0 
1.13756 0 -0.628347 0 -0.235619 0.0539 0 
1.13955 0 -0.628299 0 0 0.054 0 
1.14154 0 -0.628299 0 0 0.0541 0 
1.14352 0 -0.628299 0 0.235619 0.0542 0 
1.14551 0 -0.628347 0 -0.235619 0.0543 0 
1.1475 0 -0.628299 0 0.235619 0.0544 0 
1.14948 0 -0.628299 0 0.235619 0.0545 0 
1.15148 0 -0.628299 0 0 0.0546 0 
1.15347 0 -0.628347 0 -0.471239 0.0547 0 
1.15547 0 -0.628299 0 0.235619 0.0548 0 
1.15747 0 -0.628347 0 -0.235619 0.0549 0 
1.15947 0 -0.628299 0 0.235619 0.055 0 
1.16144 0 -0.628299 0 0.235619 0.0551 0 
1.16343 0 -0.628299 0 0 0.0552 0 
1.16543 0 -0.628347 0 0 0.0553 0 
1.16741 0 -0.628299 0 0.235619 0.0554 0 
1.16941 0 -0.628299 0 0 0.0555 0 
1.1714 0 -0.628299 0 0 0.0556 0 
1.17339 0 -0.628347 0 -0.235619 0.0557 0 
1.17539 0 -0.628347 0 0 0.0558 0 
1.17742 0 -0.628299 0 0.235619 0.0559 0 
1.17943 0 -0.628299 0 0.235619 0.056 0 
1.18142 0 -0.628299 0 0 0.0561 0 
1.18341 0 -0.628347 0 -0.235619 0.0562 0 
1.18537 0 -0.628299 0 0.235619 0.0563 0 
1.18739 0 -0.628299 0 0.235619 0.0564 0 
1.18938 0 -0.628347 0 -0.235619 0.0565 0 
1.19136 0 -0.628347 0 0 0.0566 0 
1.19335 0 -0.628299 0 0 0.0567 0 
1.19535 0 -0.628347 0 -0.235619 0.0568 0 
1.19733 0 -0.628299 0 0.235619 0.0569 0 
1.19933 0 -0.628347 0 0 0.057 0 
1.2013 0 -0.628347 0 0 0.0571 0 
1.20326 0 -0.628299 0 0.235619 0.0572 0 
1.20523 0 -0.628299 0 0 0.0573 0 
1.2072 0 -0.628299 0 0.235619 0.0574 0 
1.2092 0 -0.628299 0 0.235619 0.0575 0 
1.21146 0 -0.628347 0 -0.235619 0.0576 0 
1.21343 0 -0.628299 0 0 0.0577 0 
1.21539 0 -0.628299 0 0.235619 0.0578 0 
1.21736 0 -0.628347 0 0 0.0579 0 
1.21932 0 -0.628299 0 0 0.058 0 
1.22128 0 -0.628347 0 0 0.0581 0 
1.22326 0 -0.628347 0 0 0.0582 0 
1.22522 0 -0.628347 0 0 0.0583 0 
1.22718 0 -0.628347 0 0 0.0584 0 
1.22927 0 -0.628347 0 -0.235619 0.0585 0 
1.23152 0 -0.628299 0 0 0.0586 0 
1.23354 0 -0.628299 0 0 0.0587 0 
1.23562 0 -0.628299 0 0.235619 0.0588 0 
1.23759 0 -0.628299 0 0 0.0589 0 
1.23955 0 -0.628347 0 0 0.059 0 
1.24152 0 -0.628347 0 0 0.0591 0 
1.24348 0 -0.628299 0 -0.235619 0.0592 0 
1.24545 0 -0.628347 0 -0.235619 0.0593 0 
1.24742 0 -0.628347 0 -0.235619 0.0594 0 
1.24939 0 -0.628299 0 0 0.0595 0 
1.25135 0 -0.628347 0 0 0.0596 0 
1.25332 0 -0.628299 0 0 0.0597 0 
1.2553 0 -0.628299 0 0 0.0598 0 
1.25726 0 -0.628347 0 -0.235619 0.0599 0 
1.25923 0 -0.628347 0 -0.235619 0.06 0 
1.2612 0 -0.628347 0 -0.235619 0.0601 0 
1.26317 0 -0.628299 0 0 0.0602 0 
1.26513 0 -0.628299 0 -0.235619 0.0603 0 
1.2671 0 -0.628347 0 -0.235619 0.0604 0 
1.26908 0 -0.628347 0 0 0.0605 0 
1.27107 0 -0.628299 0 0 0.0606 0 
1.27303 0 -0.628299 0 0 0.0607 0 
1.27499 0 -0.628299 0 0.235619 0.0608 0 
1.27697 0 -0.628299 0 0 0.0609 0 
1.27924 0 -0.628299 0 0.235619 0.061 0 
1.28121 0 -0.628299 0 0 0.0611 0 
1.28317 0 -0.628347 0 -0.235619 0.0612 0 
1.28514 0 -0.628299 0 0 0.0613 0 
1.2871 0 -0.628299 0 0 0.0614 0 
1.28906 0 -0.628299 0 0 0.0615 0 
1.29103 0 -0.628347 0 -0.235619 0.0616 0 
1.29311 0 -0.628299 0 0 0.0617 0 
1.29508 0 -0.628347 0 0 0.0618 0 
1.29705 0 -0.628299 0 0.235619 0.0619 0 
1.29904 0 -0.628347 0 -0.235619 0.062 0 
1.30101 0 -0.628299 0 0 0.0621 0 
1.30298 0 -0.628299 0 0 0.0622 0 
1.30494 0 -0.628299 0 0.235619 0.0623 0 
1.30691 0 -0.628299 0 0.235619 0.0624 0 
1.30888 0 -0.628299 0 0 0.0625 0 
1.31085 0 -0.628299 0 0 0.0626 0 
1.31281 0 -0.628347 0 -0.235619 0.0627 0 
1.31478 0 -0.628299 0 0.235619 0.0628 0 
1.31675 0 -0.628299 0 0 0.0629 0 
1.31871 0 -0.628299 0 0.235619 0.063 0 
1.32068 0 -0.628347 0 -0.235619 0.0631 0 
1.32264 0 -0.628299 0 0 0.0632 0 
1.3246 0 -0.628299 0 0 0.0633 0 
1.32657 0 -0.628347 0 0 0.0634 0 
1.32855 0 -0.628299 0 0 0.0635 0 
1.33056 0 -0.628299 0 0 0.0636 0 
1.33259 0 -0.628347 0 0 0.0637 0 
1.33462 0 -0.628299 0 0.235619 0.0638 0 
1.33663 0 -0.628299 0 0 0.0639 0 
1.33866 0 -0.628299 0 0 0.064 0 
1.34068 0 -0.628299 0 0 0.0641 0 
1.3427 0 -0.628347 0 0 0.0642 0 
1.34473 0 -0.628299 0 0 0.0643 0 
1.34676 0 -0.628347 0 0 0.0644 0 
1.349 0 -0.628347 0 -0.235619 0.0645 0 
1.35125 0 -0.628299 0 0 0.0646 0 
1.35366 0 -0.628299 0 0 0.0647 0 
1.35567 0 -0.628347 0 -0.235619 0.0648 0 
1.35793 0 -0.628299 0 0.235619 0.0649 0 
1.35994 0 -0.628347 0 -0.235619 0.065 0 
1.36234 0 -0.628347 0 0 0.0651 0 
1.36436 0 -0.628347 0 -0.235619 0.0652 0 
1.36635 0 -0.628299 0 0 0.0653 0 
1.36835 0 -0.628347 0 -0.235619 0.0654 0 
1.37035 0 -0.628299 0 0 0.0655 0 
1.37237 0 -0.628299 0 0 0.0656 0 
1.37435 0 -0.628299 0 0 0.0657 0 
1.37635 0 -0.628299 0 0 0.0658 0 
1.37834 0 -0.628299 0 0 0.0659 0 
1.38031 0 -0.628299 0 0.235619 0.066 0 
1.38231 0 -0.628347 0 -0.235619 0.0661 0 
1.3843 0 -0.628299 0 0.235619 0.0662 0 
1.38631 0 -0.628347 0 -0.235619 0.0663 0 
1.3883 0 -0.628299 0 0.235619 0.0664 0 
1.39031 0 -0.628299 0 0 0.0665 0 
1.3923 0 -0.628299 0 0 0.0666 0 
1.39431 0 -0.628299 0 0 0.0667 0 
1.39631 0 -0.628299 0 0 0.0668 0 
1.39832 0 -0.628299 0 0 0.0669 0 
1.40031 0 -0.628347 0 0 0.067 0 
1.40232 0 -0.628299 0 0.235619 0.0671 0 
1.40434 0 -0.628299 0 0 0.0672 0 
1.40634 0 -0.628347 0 -0.235619 0.0673 0 
1.40835 0 -0.628299 0 0.235619 0.0674 0 
1.41034 0 -0.628299 0 0 0.0675 0 
1.41234 0 -0.628347 0 0 0.0676 0 
1.41434 0 -0.628347 0 -0.235619 0.0677 0 
1.41635 0 -0.628347 0 0 0.0678 0 
1.41834 0 -0.628299 0 0 0.0679 0 
1.42034 0 -0.628299 0 0.235619 0.068 0 
1.42233 0 -0.628299 0 0.235619 0.0681 0 
1.42434 0 -0.628347 0 0 0.0682 0 
1.42636 0 -0.628347 0 -0.235619 0.0683 0 
1.42837 0 -0.628299 0 0 0.0684 0 
1.43036 0 -0.628299 0 -0.235619 0.0685 0 
1.43234 0 -0.628299 0 0 0.0686 0 
1.4343 0 -0.628299 0 0.235619 0.0687 0 
1.43627 0 -0.628299 0 0.235619 0.0688 0 
1.43829 0 -0.628299 0 0 0.0689 0 
1.44028 0 -0.628347 0 0 0.069 0 
1.44229 0 -0.628299 0 0.235619 0.0691 0 
1.44428 0 -0.628347 0 -0.235619 0.0692 0 
1.44629 0 -0.628299 0 0.235619 0.0693 0 
1.44828 0 -0.628347 0 -0.235619 0.0694 0 
1.45029 0 -0.628347 0 -0.235619 0.0695 0 
1.45228 0 -0.628299 0 0.235619 0.0696 0 
1.45429 0 -0.628299 0 0 0.0697 0 
1.45628 0 -0.628299 0 0 0.0698 0 
1.45829 0 -0.628299 0 0 0.0699 0 
1.46028 0 -0.628299 0 0.235619 0.07 0 
1.46229 0 -0.628347 0 -0.235619 0.0701 0 
1.46427 0 -0.628299 0 0 0.0702 0 
1.4663 0 -0.628299 0 0.235619 0.0703 0 
1.46827 0 -0.628299 0 0 0.0704 0 
1.47026 0 -0.628299 0 0 0.0705 0 
1.47223 0 -0.628347 0 -0.235619 0.0706 0 
1.4742 0 -0.628299 0 -0.235619 0.0707 0 
1.47617 0 -0.628347 0 0 0.0708 0 
1.47814 0 -0.628347 0 -0.235619 0.0709 0 
1.48011 0 -0.628299 0 0 0.071 0 
1.48207 0 -0.628347 0 -0.235619 0.0711 0 
1.48406 0 -0.628299 0 0 0.0712 0 
1.48606 0 -0.628299 0 0 0.0713 0 
1.48805 0 -0.628299 0 0 0.0714 0 
1.49004 0 -0.628299 0 0 0.0715 0 
1.49202 0 -0.628299 0 0 0.0716 0 
1.494 0 -0.628347 0 0 0.0717 0 
1.49599 0 -0.628299 0 0.235619 0.0718 0 
1.49797 0 -0.628299 0 0 0.0719 0 
1.49993 0 -0.628347 0 0 0.072 0 
1.5019 0 -0.628347 0 -0.235619 0.0721 0 
1.50387 0 -0.628299 0 0 0.0722 0 
1.50583 0 -0.628347 0 0 0.0723 0 
1.5078 0 -0.628299 0 0 0.0724 0 
1.50976 0 -0.628299 0 0 0.0725 0 
1.51172 0 -0.628299 0 0.235619 0.0726 0 
1.51368 0 -0.628347 0 -0.235619 0.0727 0 
1.51565 0 -0.628299 0 0 0.0728 0 
1.51761 0 -0.628347 0 0.235619 0.0729 0 
1.51957 0 -0.628299 0 0.235619 0.073 0 
1.52153 0 -0.628347 0 0 0.0731 0 
1.5235 0 -0.628347 0 -0.235619 0.0732 0 
1.52546 0 -0.628299 0 0.235619 0.0733 0 
1.52743 0 -0.628299 0 0 0.0734 0 
1.52939 0 -0.628347 0 -0.235619 0.0735 0 
1.53135 0 -0.628299 0 0 0.0736 0 
1.53331 0 -0.628299 0 0 0.0737 0 
1.53526 0 -0.628299 0 0.235619 0.0738 0 
1.53722 0 -0.628299 0 0 0.0739 0 
1.53918 0 -0.628299 0 0 0.074 0 
1.54113 0 -0.628299 0 0.235619 0.0741 0 
1.54309 0 -0.628347 0 -0.235619 0.0742 0 
1.54505 0 -0.628299 0 0 0.0743 0 
1.54701 0 -0.628299 0 -0.235619 0.0744 0 
1.54896 0 -0.628347 0 0 0.0745 0 
1.55092 0 -0.628299 0 0.235619 0.0746 0 
1.55287 0 -0.628347 0 0 0.0747 0 
1.55483 0 -0.628347 0 0 0.0748 0 
1.55681 0 -0.628299 0 0 0.0749 0 
1.55878 0 -0.628299 0 0 0.075 0 
1.56075 0 -0.628299 0 0 0.0751 0 
1.56271 0 -0.628347 0 -0.235619 0.0752 0 
1.56466 0 -0.628299 0 0 0.0753 0 
1.56663 0 -0.628299 0 0.235619 0.0754 0 
1.5686 0 -0.628299 0 0 0.0755 0 
1.57056 0 -0.628299 0 0 0.0756 0 
1.57252 0 -0.628347 0 0 0.0757 0 
1.57448 0 -0.628299 0 0.235619 0.0758 0 
1.57643 0 -0.628299 0 0.235619 0.0759 0 
1.5784 0 -0.628299 0 0 0.076 0 
1.58037 0 -0.628347 0 0 0.0761 0 
1.58233 0 -0.628299 0 0.235619 0.0762 0 
1.5843 0 -0.628299 0 -0.235619 0.0763 0 
1.5863 0 -0.628299 0 0 0.0764 0 
1.58826 0 -0.628299 0 0 0.0765 0 
1.59025 0 -0.628299 0 0.235619 0.0766 0 
1.59222 0 -0.628347 0 -0.235619 0.0767 0 
1.59418 0 -0.628299 0 0 0.0768 0 
1.59615 0 -0.628347 0 0.235619 0.0769 0 
1.59812 0 -0.628347 0 0 0.077 0 
1.60009 0 -0.628299 0 0 0.0771 0 
1.60207 0 -0.628299 0 0 0.0772 0 
1.60402 0 -0.628299 0 0.235619 0.0773 0 
1.60598 0 -0.628299 0 0 0.0774 0 
1.60795 0 -0.628347 0 0 0.0775 0 
1.60992 0 -0.628299 0 0.235619 0.0776 0 
1.61189 0 -0.628299 0 0 0.0777 0 
1.61386 0 -0.628299 0 0.235619 0.0778 0 
1.61582 0 -0.628347 0 0 0.0779 0 
1.61778 0 -0.628347 0 0 0.078 0 
1.61975 0 -0.628299 0 0.235619 0.0781 0 
1.62171 0 -0.628299 0 0.235619 0.0782 0 
1.62367 0 -0.628299 0 0 0.0783 0 
1.62563 0 -0.628347 0 -0.235619 0.0784 0 
1.62759 0 -0.628299 0 0.235619 0.0785 0 
1.62956 0 -0.628299 0 0.235619 0.0786 0 
1.63157 0 -0.628347 0 -0.235619 0.0787 0 
1.63355 0 -0.628299 0 0.235619 0.0788 0 
1.63554 0 -0.628299 0 0.235619 0.0789 0 
1.63756 0 -0.628299 0 0 0.079 0 
1.63956 0 -0.628299 0 0 0.0791 0 
1.64154 0 -0.628299 0 0 0.0792 0 
1.64352 0 -0.628347 0 -0.235619 0.0793 0 
1.64551 0 -0.628299 0 0.235619 0.0794 0 
1.6475 0 -0.628299 0 0 0.0795 0 
1.64949 0 -0.628299 0 0 0.0796 0 
1.65147 0 -0.628299 0 0 0.0797 0 
1.65345 0 -0.628347 0 0 0.0798 0 
1.65544 0 -0.628347 0 0 0.0799 0 
1.65742 0 -0.628347 0 0 0.08 0 
1.6594 0 -0.628299 0 0 0.0801 0 
1.66139 0 -0.628347 0 -0.235619 0.0802 0 
1.66338 0 -0.628299 0 0.235619 0.0803 0 
1.66536 0 -0.628299 0 0 0.0804 0 
1.66734 0 -0.628299 0 0 0.0805 0 
1.66933 0 -0.628347 0 -0.235619 0.0806 0 
1.67131 0 -0.628299 0 0.235619 0.0807 0 
1.6733 0 -0.628347 0 -0.235619 0.0808 0 
1.67529 0 -0.628347 0 -0.235619 0.0809 0 
1.67728 0 -0.628299 0 0.235619 0.081 0 
1.67926 0 -0.628299 0 0 0.0811 0 
1.68124 0 -0.628347 0 -0.235619 0.0812 0 
1.68318 0 -0.628299 0 0.235619 0.0813 0 
1.68514 0 -0.628347 0 -0.235619 0.0814 0 
1.68709 0 -0.628299 0 0 0.0815 0 
1.68905 0 -0.628347 0 -0.235619 0.0816 0 
1.69104 0 -0.628299 0 0 0.0817 0 
1.69297 0 -0.628299 0 0 0.0818 0 
1.69494 0 -0.628347 0 0 0.0819 0 
1.69692 0 -0.628347 0 0 0.082 0 
1.69888 0 -0.628299 0 0 0.0821 0 
1.70084 0 -0.628347 0 -0.235619 0.0822 0 
1.7028 0 -0.628299 0 0.235619 0.0823 0 
1.70477 0 -0.628299 0 0 0.0824 0 
1.70673 0 -0.628299 0 0 0.0825 0 
1.7087 0 -0.628299 0 0 0.0826 0 
1.71066 0 -0.628299 0 0.235619 0.0827 0 
1.71263 0 -0.628347 0 0 0.0828 0 
1.71459 0 -0.628299 0 0.235619 0.0829 0 
1.71654 0 -0.628299 0 0 0.083 0 
1.7185 0 -0.628299 0 0 0.0831 0 
1.72047 0 -0.628347 0 0 0.0832 0 
1.72244 0 -0.628299 0 0 0.0833 0 
1.7244 0 -0.628299 0 0.235619 0.0834 0 
1.72638 0 -0.628347 0 -0.235619 0.0835 0 
1.72836 0 -0.628299 0 0.235619 0.0836 0 
1.73031 0 -0.628347 0 -0.235619 0.0837 0 
1.73228 0 -0.628299 0 0 0.0838 0 
1.73427 0 -0.628347 0 -0.235619 0.0839 0 
1.73623 0 -0.628299 0 0 0.084 0 
1.73819 0 -0.628299 0 0 0.0841 0 
1.74016 0 -0.628299 0 0 0.0842 0 
1.74212 0 -0.628347 0 0 0.0843 0 
1.7441 0 -0.628347 0 0 0.0844 0 
1.74605 0 -0.628299 0 0 0.0845 0 
1.74801 0 -0.628299 0 0 0.0846 0 
1.75005 0 -0.628347 0 0 0.0847 0 
1.75204 0 -0.628347 0 -0.235619 0.0848 0 
1.754 0 -0.628347 0 -0.235619 0.0849 0 
1.75596 0 -0.628299 0 0 0.085 0 
1.75793 0 -0.628299 0 0.235619 0.0851 0 
1.7599 0 -0.628299 0 0 0.0852 0 
1.76186 0 -0.628299 0 0 0.0853 0 
1.76383 0 -0.628299 0 0.235619 0.0854 0 
1.76579 0 -0.628347 0 0 0.0855 0 
1.76775 0 -0.628299 0 0 0.0856 0 
1.7697 0 -0.628299 0 0.235619 0.0857 0 
1.77166 0 -0.628347 0 -0.235619 0.0858 0 
1.77362 0 -0.628347 0 0 0.0859 0 
1.77559 0 -0.628299 0 0.235619 0.086 0 
1.77754 0 -0.628347 0 0 0.0861 0 
1.7795 0 -0.628299 0 0.235619 0.0862 0 
1.78146 0 -0.628347 0 -0.235619 0.0863 0 
1.78343 0 -0.628299 0 0 0.0864 0 
1.78539 0 -0.628347 0 0 0.0865 0 
1.78736 0 -0.628347 0 -0.235619 0.0866 0 
1.78932 0 -0.628299 0 0.235619 0.0867 0 
1.79141 0 -0.628347 0 -0.235619 0.0868 0 
1.79338 0 -0.628299 0 -0.235619 0.0869 0 
1.79534 0 -0.628347 0 -0.235619 0.087 0 
1.7973 0 -0.628299 0 0 0.0871 0 
1.79927 0 -0.628347 0 0 0.0872 0 
1.80123 0 -0.628347 0 0 0.0873 0 
1.8032 0 -0.628299 0 0 0.0874 0 
1.80516 0 -0.628299 0 0.235619 0.0875 0 
1.80713 0 -0.628299 0 0 0.0876 0 
1.80909 0 -0.628299 0 0.235619 0.0877 0 
1.81106 0 -0.628347 0 -0.235619 0.0878 0 
1.81302 0 -0.628299 0 0 0.0879 0 
1.81498 0 -0.628299 0 0.235619 0.088 0 
1.81695 0 -0.628347 0 -0.235619 0.0881 0 
1.81891 0 -0.628299 0 0.235619 0.0882 0 
1.82088 0 -0.628299 0 0.235619 0.0883 0 
1.82284 0 -0.628299 0 0 0.0884 0 
1.82481 0 -0.628299 0 0.235619 0.0885 0 
1.82677 0 -0.628347 0 -0.235619 0.0886 0 
1.82873 0 -0.628299 0 0.235619 0.0887 0 
1.83069 0 -0.628347 0 0 0.0888 0 
1.83268 0 -0.628299 0 0 0.0889 0 
1.8347 0 -0.628299 0 0.235619 0.089 0 
1.83673 0 -0.628299 0 0 0.0891 0 
1.83876 0 -0.628299 0 0 0.0892 0 
1.84078 0 -0.628299 0 0 0.0893 0 
1.84287 0 -0.628347 0 -0.235619 0.0894 0 
1.84494 0 -0.628347 0 0 0.0895 0 
1.84698 0 -0.628299 0 0 0.0896 0 
1.84901 0 -0.628299 0 -0.235619 0.0897 0 
1.85104 0 -0.628347 0 0 0.0898 0 
1.85305 0 -0.628347 0 0 0.0899 0 
1.85508 0 -0.628299 0 0.235619 0.09 0 
1.85711 0 -0.628299 0 0 0.0901 0 
1.85914 0 -0.628299 0 0 0.0902 0 
1.8612 0 -0.628299 0 0 0.0903 0 
1.86322 0 -0.628299 0 0 0.0904 0 
1.86524 0 -0.628299 0 0 0.0905 0 
1.86725 0 -0.628299 0 0.235619 0.0906 0 
1.8693 0 -0.628299 0 0 0.0907 0 
1.87129 0 -0.628299 0 0 0.0908 0 
1.87328 0 -0.628299 0 0 0.0909 0 
1.87525 0 -0.628299 0 0 0.091 0 
1.87726 0 -0.628299 0 0 0.0911 0 
1.87926 0 -0.628299 0 0 0.0912 0 
1.88124 0 -0.628347 0 -0.235619 0.0913 0 
1.88322 0 -0.628299 0 0 0.0914 0 
1.88519 0 -0.628299 0 0.235619 0.0915 0 
1.88716 0 -0.628299 0 0 0.0916 0 
1.88913 0 -0.628347 0 0 0.0917 0 
1.8911 0 -0.628347 0 0 0.0918 0 
1.89307 0 -0.628347 0 0 0.0919 0 
1.89504 0 -0.628347 0 0 0.092 0 
1.89701 0 -0.628299 0 0 0.0921 0 
1.89897 0 -0.628347 0 -0.235619 0.0922 0 
1.90095 0 -0.628347 0 0 0.0923 0 
1.90292 0 -0.628299 0 0 0.0924 0 
1.90491 0 -0.628299 0 0 0.0925 0 
1.90694 0 -0.628299 0 0 0.0926 0 
1.90895 0 -0.628299 0 0 0.0927 0 
1.91096 0 -0.628299 0 0 0.0928 0 
1.91296 0 -0.628299 0 0 0.0929 0 
1.91495 0 -0.628347 0 -0.235619 0.093 0 
1.91695 0 -0.628347 0 0 0.0931 0 
1.91896 0 -0.628299 0 0.235619 0.0932 0 
1.92094 0 -0.628299 0 0 0.0933 0 
1.92295 0 -0.628347 0 -0.235619 0.0934 0 
1.92496 0 -0.628299 0 0.235619 0.0935 0 
1.92697 0 -0.628347 0 -0.235619 0.0936 0 
1.92896 0 -0.628299 0 0.235619 0.0937 0 
1.93093 0 -0.628299 0 0.235619 0.0938 0 
1.9329 0 -0.628299 0 0.235619 0.0939 0 
1.93489 0 -0.628299 0 0.235619 0.094 0 
1.93686 0 -0.628299 0 0.235619 0.0941 0 
1.93884 0 -0.628347 0 -0.235619 0.0942 0 
1.94086 0 -0.628347 0 0 0.0943 0 
1.94283 0 -0.628299 0 -0.235619 0.0944 0 
1.94478 0 -0.628299 0 0 0.0945 0 
1.94674 0 -0.628347 0 -0.235619 0.0946 0 
1.94875 0 -0.628299 0 0 0.0947 0 
1.95074 0 -0.628347 0 0 0.0948 0 
1.95272 0 -0.628299 0 0 0.0949 0 
1.95469 0 -0.628251 0 0.235619 0.095 0 
1.95665 0 -0.628299 0 0 0.0951 0 
1.95862 0 -0.628347 0 0 0.0952 0 
1.96059 0 -0.628299 0 0.235619 0.0953 0 
1.96255 0 -0.628347 0 -0.235619 0.0954 0 
1.96451 0 -0.628299 0 0 0.0955 0 
1.96647 0 -0.628347 0 -0.471239 0.0956 0 
1.96844 0 -0.628347 0 0 0.0957 0 
1.97042 0 -0.628347 0 0 0.0958 0 
1.97234 0 -0.628299 0 -0.235619 0.0959 0 
1.9743 0 -0.628299 0 0 0.096 0 
1.97628 0 -0.628347 0 -0.235619 0.0961 0 
1.97828 0 -0.628347 0 0 0.0962 0 
1.98025 0 -0.628299 0 0.235619 0.0963 0 
1.98225 0 -0.628347 0 -0.235619 0.0964 0 
1.98422 0 -0.628299 0 0.235619 0.0965 0 
1.98619 0 -0.628299 0 -0.235619 0.0966 0 
1.98818 0 -0.628347 0 -0.235619 0.0967 0 
1.99015 0 -0.628347 0 -0.235619 0.0968 0 
1.99213 0 -0.628299 0 0.235619 0.0969 0 
1.99411 0 -0.628347 0 -0.235619 0.097 0 
1.99609 0 -0.628299 0 0.235619 0.0971 0 
1.99805 0 -0.628347 0 0 0.0972 0 
2.00001 0 -0.628347 0 -0.235619 0.0973 0 
2.00198 0 -0.628299 0 0.235619 0.0974 0 
2.00395 0 -0.628299 0 0.235619 0.0975 0 
2.00591 0 -0.628299 0 0 0.0976 0 
2.00788 0 -0.628299 0 0 0.0977 0 
2.00985 0 -0.628299 0 0 0.0978 0 
2.01181 0 -0.628299 0 0 0.0979 0 
2.01378 0 -0.628299 0 0 0.098 0 
2.01574 0 -0.628299 0 0 0.0981 0 
2.0177 0 -0.628299 0 0.235619 0.0982 0 
2.01966 0 -0.628299 0 0 0.0983 0 
2.02163 0 -0.628347 0 -0.235619 0.0984 0 
2.02359 0 -0.628299 0 0 0.0985 0 
2.02555 0 -0.628347 0 -0.235619 0.0986 0 
2.02751 0 -0.628299 0 0.235619 0.0987 0 
2.02948 0 -0.628347 0 -0.235619 0.0988 0 
2.03144 0 -0.628347 0 -0.235619 0.0989 0 
2.03341 0 -0.628299 0 0 0.099 0 
2.03537 0 -0.628299 0 -0.235619 0.0991 0 
2.03733 0 -0.628299 0 0 0.0992 0 
2.03931 0 -0.628347 0 -0.235619 0.0993 0 
2.04127 0 -0.628299 0 -0.235619 0.0994 0 
2.04323 0 -0.628299 0 0.235619 0.0995 0 
2.04519 0 -0.628347 0 0 0.0996 0 
2.04715 0 -0.628299 0 0.235619 0.0997 0 
2.04911 0 -0.628347 0 0 0.0998 0 
2.05108 0 -0.628299 0 0 0.0999 0 
2.05304 0 -0.628299 0 0 0.1 0 
2.055 0 -0.628347 0 0 0.1001 0 
2.05697 0 -0.628299 0 0 0.1002 0 
2.05893 0 -0.628347 0 0 0.1003 0 
2.06089 0 -0.628299 0 0.235619 0.1004 0 
2.06285 0 -0.628299 0 0.235619 0.1005 0 
2.06481 0 -0.628299 0 0.235619 0.1006 0 
2.06678 0 -0.628299 0 0 0.1007 0 
2.06879 0 -0.628299 0 0.235619 0.1008 0 
2.07076 0 -0.628299 0 0 0.1009 0 
2.07272 0 -0.628299 0 0.235619 0.101 0 
2.07469 0 -0.628299 0 0 0.1011 0 
2.07665 0 -0.628299 0 0 0.1012 0 
2.07862 0 -0.628299 0 0 0.1013 0 
2.08059 0 -0.628347 0 0 0.1014 0 
2.08255 0 -0.628299 0 0.235619 0.1015 0 
2.08457 0 -0.628299 0 0 0.1016 0 
2.08659 0 -0.628347 0 0 0.1017 0 
2.08862 0 -0.628299 0 0 0.1018 0 
2.09066 0 -0.628347 0 -0.235619 0.1019 0 
2.09268 0 -0.628299 0 0.235619 0.102 0 
2.0947 0 -0.628299 0 0 0.1021 0 
2.09672 0 -0.628299 0 0.235619 0.1022 0 
2.09873 0 -0.628299 0 -0.235619 0.1023 0 
2.10075 0 -0.628299 0 0.235619 0.1024 0 
2.10276 0 -0.628299 0 0 0.1025 0 
2.10478 0 -0.628299 0 0.235619 0.1026 0 
2.1068 0 -0.628347 0 -0.235619 0.1027 0 
2.10882 0 -0.628299 0 0 0.1028 0 
2.11084 0 -0.628347 0 -0.235619 0.1029 0 
2.11286 0 -0.628299 0 0 0.103 0 
2.11488 0 -0.628299 0 0 0.1031 0 
2.1169 0 -0.628299 0 0 0.1032 0 
2.11892 0 -0.628299 0 0 0.1033 0 
2.12093 0 -0.628347 0 0 0.1034 0 
2.12295 0 -0.628299 0 0 0.1035 0 
2.12497 0 -0.628299 0 0.235619 0.1036 0 
2.12698 0 -0.628299 0 0 0.1037 0 
2.12901 0 -0.628347 0 -0.235619 0.1038 0 
2.13103 0 -0.628299 0 0.235619 0.1039 0 
2.13307 0 -0.628347 0 -0.235619 0.104 0 
2.13509 0 -0.628299 0 0.235619 0.1041 0 
2.13712 0 -0.628299 0 0 0.1042 0 
2.13914 0 -0.628347 0 0 0.1043 0 
2.14116 0 -0.628299 0 0.235619 0.1044 0 
2.14318 0 -0.628299 0 -0.235619 0.1045 0 
2.1452 0 -0.628299 0 0.235619 0.1046 0 
2.14721 0 -0.628299 0 0.235619 0.1047 0 
2.14923 0 -0.628299 0 -0.235619 0.1048 0 
2.15141 0 -0.628347 0 0 0.1049 0 
2.15344 0 -0.628347 0 0 0.105 0 
2.15548 0 -0.628299 0 0.235619 0.1051 0 
2.1575 0 -0.628347 0 -0.235619 0.1052 0 
2.15953 0 -0.628299 0 0.235619 0.1053 0 
2.16154 0 -0.628347 0 0 0.1054 0 
2.16356 0 -0.628299 0 0.235619 0.1055 0 
2.16558 0 -0.628347 0 0 0.1056 0 
2.1676 0 -0.628347 0 -0.235619 0.1057 0 
2.16962 0 -0.628299 0 0.235619 0.1058 0 
2.17165 0 -0.628299 0 0 0.1059 0 
2.17366 0 -0.628299 0 0 0.106 0 
2.17567 0 -0.628347 0 -0.235619 0.1061 0 
2.17769 0 -0.628299 0 0 0.1062 0 
2.17974 0 -0.628347 0 0 0.1063 0 
2.18177 0 -0.628299 0 0 0.1064 0 
2.18413 0 -0.628299 0 0.235619 0.1065 0 
2.18627 0 -0.628299 0 0 0.1066 0 
2.18832 0 -0.628347 0 -0.235619 0.1067 0 
2.1906 0 -0.628299 0 0.235619 0.1068 0 
2.19264 0 -0.628299 0 0 0.1069 0 
2.19467 0 -0.628299 0 0.235619 0.107 0 
2.19665 0 -0.628299 0 0.235619 0.1071 0 
2.19863 0 -0.628299 0 0 0.1072 0 
2.2006 0 -0.628347 0 -0.235619 0.1073 0 
2.20258 0 -0.628299 0 0.235619 0.1074 0 
2.20456 0 -0.628299 0 0 0.1075 0 
2.20653 0 -0.628299 0 0 0.1076 0 
2.20849 0 -0.628299 0 0.235619 0.1077 0 
2.21048 0 -0.628299 0 0 0.1078 0 
2.21245 0 -0.628299 0 0.235619 0.1079 0 
2.21443 0 -0.628347 0 0 0.108 0 
2.21641 0 -0.628299 0 0 0.1081 0 
2.21838 0 -0.628347 0 -0.235619 0.1082 0 
2.22034 0 -0.628347 0 0 0.1083 0 
2.22232 0 -0.628299 0 0 0.1084 0 
2.22429 0 -0.628347 0 0 0.1085 0 
2.22629 0 -0.628347 0 0 0.1086 0 
2.22839 0 -0.628299 0 0.235619 0.1087 0 
2.23036 0 -0.628299 0 0 0.1088 0 
2.23235 0 -0.628347 0 0 0.1089 0 
2.23433 0 -0.628347 0 0 0.109 0 
2.23631 0 -0.628347 0 -0.235619 0.1091 0 
2.23828 0 -0.628299 0 0.235619 0.1092 0 
2.24026 0 -0.628299 0 0 0.1093 0 
2.24226 0 -0.628347 0 -0.235619 0.1094 0 
2.24428 0 -0.628347 0 -0.235619 0.1095 0 
2.24627 0 -0.628299 0 0.235619 0.1096 0 
2.24824 0 -0.628299 0 0 0.1097 0 
2.25023 0 -0.628347 0 -0.235619 0.1098 0 
2.2522 0 -0.628299 0 0.235619 0.1099 0 
2.25416 0 -0.628299 0 0 0.11 0 
2.25613 0 -0.628347 0 0 0.1101 0 
2.2581 0 -0.628299 0 0.235619 0.1102 0 
2.26007 0 -0.628347 0 -0.235619 0.1103 0 
2.26203 0 -0.628299 0 0 0.1104 0 
2.264 0 -0.628299 0 0 0.1105 0 
2.26596 0 -0.628299 0 0 0.1106 0 
2.26793 0 -0.628299 0 0 0.1107 0 
2.26989 0 -0.628347 0 -0.235619 0.1108 0 
2.27188 0 -0.628347 0 0 0.1109 0 
2.27388 0 -0.628299 0 0 0.111 0 
2.27586 0 -0.628299 0 0.235619 0.1111 0 
2.27784 0 -0.628347 0 0 0.1112 0 
2.27983 0 -0.628299 0 0.235619 0.1113 0 
2.28182 0 -0.628347 0 0 0.1114 0 
2.2838 0 -0.628347 0 -0.235619 0.1115 0 
2.28579 0 -0.628347 0 -0.235619 0.1116 0 
2.28777 0 -0.628299 0 0.235619 0.1117 0 
2.28976 0 -0.628299 0 0.235619 0.1118 0 
2.29174 0 -0.628347 0 -0.235619 0.1119 0 
2.29372 0 -0.628299 0 0.235619 0.112 0 
2.2957 0 -0.628299 0 -0.235619 0.1121 0 
2.29769 0 -0.628347 0 0 0.1122 0 
2.29968 0 -0.628347 0 -0.235619 0.1123 0 
2.30168 0 -0.628299 0 0.235619 0.1124 0 
2.30369 0 -0.628347 0 -0.235619 0.1125 0 
2.30568 0 -0.628299 0 0.235619 0.1126 0 
2.30766 0 -0.628299 0 0 0.1127 0 
2.30964 0 -0.628299 0 0 0.1128 0 
2.31162 0 -0.628347 0 -0.235619 0.1129 0 
2.3136 0 -0.628299 0 0.235619 0.113 0 
2.31557 0 -0.628299 0 0 0.1131 0 
2.31755 0 -0.628299 0 0 0.1132 0 
2.31954 0 -0.628299 0 0 0.1133 0 
2.32152 0 -0.628299 0 0 0.1134 0 
2.3235 0 -0.628347 0 -0.235619 0.1135 0 
2.32553 0 -0.628347 0 -0.235619 0.1136 0 
2.3275 0 -0.628347 0 0.235619 0.1137 0 
2.32947 0 -0.628347 0 -0.235619 0.1138 0 
2.33146 0 -0.628299 0 -0.235619 0.1139 0 
2.33344 0 -0.628299 0 0 0.114 0 
2.33542 0 -0.628299 0 0 0.1141 0 
2.33739 0 -0.628299 0 0.235619 0.1142 0 
2.33937 0 -0.628299 0 0 0.1143 0 
2.34136 0 -0.628299 0 0 0.1144 0 
2.34331 0 -0.628299 0 0.235619 0.1145 0 
2.34525 0 -0.628299 0 0 0.1146 0 
2.34722 0 -0.628299 0 0 0.1147 0 
2.34917 0 -0.628299 0 0 0.1148 0 
2.35115 0 -0.628299 0 -0.235619 0.1149 0 
2.35313 0 -0.628299 0 0 0.115 0 
2.35509 0 -0.628347 0 -0.235619 0.1151 0 
2.35706 0 -0.628299 0 0.235619 0.1152 0 
2.35903 0 -0.628299 0 0.235619 0.1153 0 
2.361 0 -0.628347 0 0 0.1154 0 
2.36296 0 -0.628299 0 0.235619 0.1155 0 
2.36494 0 -0.628299 0 0 0.1156 0 
2.36691 0 -0.628299 0 0 0.1157 0 
2.36887 0 -0.628299 0 0 0.1158 0 
2.37084 0 -0.628299 0 0 0.1159 0 
2.37281 0 -0.628299 0 0 0.116 0 
2.37478 0 -0.628347 0 -0.235619 0.1161 0 
2.37678 0 -0.628347 0 0 0.1162 0 
2.37876 0 -0.628299 0 0.235619 0.1163 0 
2.38073 0 -0.628347 0 -0.235619 0.1164 0 
2.38269 0 -0.628299 0 0 0.1165 0 
2.38467 0 -0.628299 0 0.235619 0.1166 0 
2.38665 0 -0.628299 0 -0.235619 0.1167 0 
2.3886 0 -0.628347 0 -0.235619 0.1168 0 
2.39057 0 -0.628347 0 -0.235619 0.1169 0 
2.39253 0 -0.628299 0 0 0.117 0 
2.39452 0 -0.628299 0 0 0.1171 0 
2.3965 0 -0.628347 0 -0.235619 0.1172 0 
2.39848 0 -0.628347 0 -0.235619 0.1173 0 
2.40046 0 -0.628299 0 0 0.1174 0 
2.40245 0 -0.628299 0 0 0.1175 0 
2.40444 0 -0.628299 0 -0.235619 0.1176 0 
2.40641 0 -0.628347 0 0 0.1177 0 
2.40837 0 -0.628299 0 0.235619 0.1178 0 
2.41034 0 -0.628347 0 -0.235619 0.1179 0 
2.4123 0 -0.628347 0 0 0.118 0 
2.41429 0 -0.628299 0 0.235619 0.1181 0 
2.41626 0 -0.628299 0 0 0.1182 0 
2.41827 0 -0.628347 0 -0.235619 0.1183 0 
2.42025 0 -0.628299 0 0 0.1184 0 
2.42225 0 -0.628299 0 0 0.1185 0 
2.42421 0 -0.628347 0 -0.235619 0.1186 0 
2.42617 0 -0.628299 0 0.235619 0.1187 0 
2.42815 0 -0.628299 0 0 0.1188 0 
2.43018 0 -0.628299 0 0 0.1189 0 
2.43216 0 -0.628299 0 0 0.119 0 
2.43416 0 -0.628299 0 0.235619 0.1191 0 
2.43613 0 -0.628347 0 -0.235619 0.1192 0 
2.43811 0 -0.628299 0 0.235619 0.1193 0 
2.44008 0 -0.628299 0 0.235619 0.1194 0 
2.44204 0 -0.628299 0 0 0.1195 0 
2.444 0 -0.628299 0 0 0.1196 0 
2.44596 0 -0.628299 0 0 0.1197 0 
2.44792 0 -0.628299 0 0 0.1198 0 
2.44989 0 -0.628299 0 0 0.1199 0 
2.45186 0 -0.628347 0 -0.235619 0.12 0 
2.45382 0 -0.628347 0 -0.235619 0.1201 0 
2.45579 0 -0.628299 0 0 0.1202 0 
2.45775 0 -0.628299 0 0.235619 0.1203 0 
2.45971 0 -0.628347 0 0 0.1204 0 
2.46167 0 -0.628299 0 0 0.1205 0 
2.46363 0 -0.628347 0 -0.235619 0.1206 0 
2.4656 0 -0.628347 0 0 0.1207 0 
2.46756 0 -0.628299 0 0.235619 0.1208 0 
2.46952 0 -0.628347 0 -0.235619 0.1209 0 
2.47149 0 -0.628299 0 0 0.121 0 
2.47346 0 -0.628347 0 0 0.1211 0 
2.47542 0 -0.628299 0 0 0.1212 0 
2.47739 0 -0.628299 0 0 0.1213 0 
2.47936 0 -0.628299 0 0.235619 0.1214 0 
2.48132 0 -0.628299 0 0.235619 0.1215 0 
2.48329 0 -0.628347 0 0 0.1216 0 
2.48527 0 -0.628299 0 0 0.1217 0 
2.48724 0 -0.628299 0 -0.235619 0.1218 0 
2.4892 0 -0.628299 0 0.235619 0.1219 0 
2.49116 0 -0.628299 0 0.235619 0.122 0 
2.49314 0 -0.628299 0 0 0.1221 0 
2.49513 0 -0.628347 0 -0.235619 0.1222 0 
2.49709 0 -0.628347 0 -0.235619 0.1223 0 
2.49907 0 -0.628299 0 0.235619 0.1224 0 
2.50103 0 -0.628299 0 -0.235619 0.1225 0 
2.503 0 -0.628299 0 0.235619 0.1226 0 
2.50497 0 -0.628299 0 0 0.1227 0 
2.50693 0 -0.628299 0 0 0.1228 0 
2.5089 0 -0.628347 0 0 0.1229 0 
2.51086 0 -0.628299 0 0 0.123 0 
2.51282 0 -0.628299 0 0 0.1231 0 
2.51478 0 -0.628347 0 0 0.1232 0 
2.51674 0 -0.628299 0 -0.235619 0.1233 0 
2.5187 0 -0.628299 0 0 0.1234 0 
2.52066 0 -0.628347 0 0 0.1235 0 
2.52264 0 -0.628299 0 0 0.1236 0 
2.52465 0 -0.628347 0 0 0.1237 0 
2.52666 0 -0.628347 0 0 0.1238 0 
2.52867 0 -0.628299 0 0 0.1239 0 
2.53068 0 -0.628299 0 0.235619 0.124 0 
2.53269 0 -0.628299 0 0 0.1241 0 
2.53469 0 -0.628347 0 -0.235619 0.1242 0 
2.53671 0 -0.628299 0 0.235619 0.1243 0 
2.53872 0 -0.628299 0 0 0.1244 0 
2.54073 0 -0.628299 0 0 0.1245 0 
2.54278 0 -0.628347 0 -0.235619 0.1246 0 
2.54479 0 -0.628347 0 0 0.1247 0 
2.5468 0 -0.628299 0 0 0.1248 0 
2.54881 0 -0.628299 0 0 0.1249 0 
2.55082 0 -0.628299 0 0.235619 0.125 0 
2.55283 0 -0.628299 0 0 0.1251 0 
2.55484 0 -0.628299 0 0 0.1252 0 
2.55684 0 -0.628299 0 0 0.1253 0 
2.55923 0 -0.628299 0 0 0.1254 0 
2.56164 0 -0.628299 0 0 0.1255 0 
2.56401 0 -0.628347 0 0 0.1256 0 
2.56644 0 -0.628299 0 0 0.1257 0 
2.56885 0 -0.628299 0 0 0.1258 0 
2.57128 0 -0.628299 0 0 0.1259 0 
2.57369 0 -0.628347 0 0 0.126 0 
2.57609 0 -0.628299 0 0.235619 0.1261 0 
2.57847 0 -0.628299 0 0 0.1262 0 
2.58086 0 -0.628299 0 0 0.1263 0 
2.58327 0 -0.628347 0 0 0.1264 0 
2.58568 0 -0.628299 0 0 0.1265 0 
2.5881 0 -0.628299 0 0 0.1266 0 
2.59049 0 -0.628347 0 0 0.1267 0 
2.59291 0 -0.628347 0 0 0.1268 0 
2.59531 0 -0.628299 0 0 0.1269 0 
2.59773 0 -0.628347 0 0 0.127 0 
2.60016 0 -0.628347 0 0 0.1271 0 
2.60264 0 -0.628299 0 0 0.1272 0 
2.60508 0 -0.628347 0 -0.235619 0.1273 0 
2.60749 0 -0.628299 0 0 0.1274 0 
2.60992 0 -0.628299 0 0.235619 0.1275 0 
2.61234 0 -0.628347 0 -0.235619 0.1276 0 
2.61474 0 -0.628299 0 0 0.1277 0 
2.61713 0 -0.628299 0 0 0.1278 0 
2.61953 0 -0.628347 0 0 0.1279 0 
2.62195 0 -0.628299 0 0 0.128 0 
2.62429 0 -0.628299 0 0.235619 0.1281 0 
2.62635 0 -0.628347 0 -0.235619 0.1282 0 
2.62848 0 -0.628347 0 0 0.1283 0 
2.63051 0 -0.628347 0 -0.235619 0.1284 0 
2.63254 0 -0.628299 0 0 0.1285 0 
2.63457 0 -0.628299 0 0 0.1286 0 
2.6366 0 -0.628347 0 0 0.1287 0 
2.63868 0 -0.628299 0 0 0.1288 0 
2.64072 0 -0.628299 0 0 0.1289 0 
2.64275 0 -0.628299 0 0 0.129 0 
2.64478 0 -0.628347 0 -0.235619 0.1291 0 
2.64681 0 -0.628347 0 -0.235619 0.1292 0 
2.64885 0 -0.628347 0 -0.235619 0.1293 0 
2.65087 0 -0.628299 0 0.235619 0.1294 0 
2.6529 0 -0.628299 0 -0.235619 0.1295 0 
2.65493 0 -0.628347 0 0 0.1296 0 
2.65695 0 -0.628347 0 -0.235619 0.1297 0 
2.65909 0 -0.628347 0 -0.235619 0.1298 0 
2.66112 0 -0.628299 0 0 0.1299 0 
2.6634 0 -0.628299 0 0.235619 0.13 0 
2.66608 0 -0.628347 0 0 0.1301 0 
2.66805 0 -0.628299 0 0 0.1302 0 
2.67003 0 -0.628347 0 -0.235619 0.1303 0 
2.672 0 -0.628299 0 0 0.1304 0 
2.67397 0 -0.628299 0 0.235619 0.1305 0 
2.67594 0 -0.628299 0 0.235619 0.1306 0 
2.67792 0 -0.628347 0 0 0.1307 0 
2.68002 0 -0.628299 0 0 0.1308 0 
2.68201 0 -0.628299 0 0 0.1309 0 
2.68398 0 -0.628299 0 0 0.131 0 
2.68595 0 -0.628347 0 -0.235619 0.1311 0 
2.68791 0 -0.628299 0 0 0.1312 0 
2.68989 0 -0.628347 0 -0.235619 0.1313 0 
2.69187 0 -0.628299 0 0 0.1314 0 
2.69384 0 -0.628347 0 -0.235619 0.1315 0 
2.69581 0 -0.628299 0 0.235619 0.1316 0 
2.69777 0 -0.628299 0 -0.235619 0.1317 0 
2.69974 0 -0.628347 0 -0.235619 0.1318 0 
2.7017 0 -0.628347 0 -0.235619 0.1319 0 
2.70367 0 -0.628347 0 0 0.132 0 
2.70563 0 -0.628299 0 0.235619 0.1321 0 
2.70761 0 -0.628299 0 0 0.1322 0 
2.70958 0 -0.628347 0 0 0.1323 0 
2.71153 0 -0.628299 0 0 0.1324 0 
2.7135 0 -0.628299 0 0.235619 0.1325 0 
2.71547 0 -0.628299 0 0.235619 0.1326 0 
2.71743 0 -0.628299 0 0 0.1327 0 
2.71941 0 -0.628347 0 -0.235619 0.1328 0 
2.72141 0 -0.628347 0 0 0.1329 0 
2.7234 0 -0.628299 0 0.235619 0.133 0 
2.72536 0 -0.628299 0 0 0.1331 0 
2.72734 0 -0.628347 0 -0.235619 0.1332 0 
2.72931 0 -0.628347 0 0 0.1333 0 
2.7313 0 -0.628299 0 0 0.1334 0 
2.73328 0 -0.628299 0 0 0.1335 0 
2.73524 0 -0.628299 0 0 0.1336 0 
2.73721 0 -0.628299 0 0.235619 0.1337 0 
2.73918 0 -0.628347 0 -0.235619 0.1338 0 
2.74114 0 -0.628299 0 0 0.1339 0 
2.74311 0 -0.628299 0 0 0.134 0 
2.74507 0 -0.628347 0 0 0.1341 0 
2.74706 0 -0.628299 0 0 0.1342 0 
2.74908 0 -0.628299 0 0 0.1343 0 
2.75111 0 -0.628299 0 0 0.1344 0 
2.75314 0 -0.628299 0 0 0.1345 0 
2.75515 0 -0.628299 0 0 0.1346 0 
2.75715 0 -0.628299 0 0 0.1347 0 
2.75915 0 -0.628299 0 0 0.1348 0 
2.76113 0 -0.628347 0 -0.235619 0.1349 0 
2.76312 0 -0.628299 0 0.235619 0.135 0 
2.76509 0 -0.628299 0 0 0.1351 0 
2.76706 0 -0.628347 0 0 0.1352 0 
2.76903 0 -0.628299 0 0 0.1353 0 
2.77098 0 -0.628299 0 0 0.1354 0 
2.77295 0 -0.628299 0 0 0.1355 0 
2.77492 0 -0.628347 0 0 0.1356 0 
2.77688 0 -0.628347 0 -0.235619 0.1357 0 
2.77886 0 -0.628299 0 0 0.1358 0 
2.78082 0 -0.628299 0 0 0.1359 0 
2.78279 0 -0.628299 0 0 0.136 0 
2.78475 0 -0.628299 0 0 0.1361 0 
2.78672 0 -0.628347 0 -0.235619 0.1362 0 
2.78868 0 -0.628299 0 0.235619 0.1363 0 
2.79065 0 -0.628299 0 0.235619 0.1364 0 
2.79262 0 -0.628299 0 0 0.1365 0 
2.79459 0 -0.628299 0 0 0.1366 0 
2.79655 0 -0.628299 0 0 0.1367 0 
2.79851 0 -0.628299 0 0 0.1368 0 
2.80046 0 -0.628299 0 -0.235619 0.1369 0 
2.80243 0 -0.628299 0 0 0.137 0 
2.80439 0 -0.628299 0 0 0.1371 0 
2.80636 0 -0.628299 0 0 0.1372 0 
2.80833 0 -0.628299 0 0 0.1373 0 
2.8103 0 -0.628347 0 -0.235619 0.1374 0 
2.81226 0 -0.628299 0 0 0.1375 0 
2.81425 0 -0.628299 0 0 0.1376 0 
2.81622 0 -0.628299 0 0 0.1377 0 
2.81818 0 -0.628299 0 0 0.1378 0 
2.82015 0 -0.628299 0 -0.235619 0.1379 0 
2.82211 0 -0.628347 0 0 0.138 0 
2.82408 0 -0.628347 0 -0.235619 0.1381 0 
2.82604 0 -0.628347 0 -0.235619 0.1382 0 
2.82801 0 -0.628299 0 0 0.1383 0 
2.82997 0 -0.628299 0 0 0.1384 0 
2.83194 0 -0.628299 0 0.235619 0.1385 0 
2.83392 0 -0.628347 0 0 0.1386 0 
2.8359 0 -0.628299 0 0 0.1387 0 
2.83786 0 -0.628299 0 0 0.1388 0 
2.83983 0 -0.628299 0 0 0.1389 0 
2.84182 0 -0.628299 0 0 0.139 0 
2.84381 0 -0.628299 0 0.235619 0.1391 0 
2.84582 0 -0.628347 0 -0.235619 0.1392 0 
2.84784 0 -0.628347 0 0 0.1393 0 
2.84985 0 -0.628347 0 -0.235619 0.1394 0 
2.85188 0 -0.628299 0 0 0.1395 0 
2.8539 0 -0.628299 0 0 0.1396 0 
2.85594 0 -0.628299 0 0 0.1397 0 
2.85787 0 -0.628299 0 0 0.1398 0 
2.85985 0 -0.628347 0 0 0.1399 0 
2.86185 0 -0.628299 0 0.235619 0.14 0 
2.86383 0 -0.628299 0 0 0.1401 0 
2.86581 0 -0.628299 0 0 0.1402 0 
2.86779 0 -0.628299 0 0 0.1403 0 
2.86977 0 -0.628299 0 0 0.1404 0 
2.87176 0 -0.628299 0 0.235619 0.1405 0 
2.87375 0 -0.628347 0 -0.235619 0.1406 0 
2.87573 0 -0.628347 0 -0.235619 0.1407 0 
2.87771 0 -0.628299 0 0 0.1408 0 
2.8797 0 -0.628299 0 0 0.1409 0 
2.88169 0 -0.628299 0 0 0.141 0 
2.88367 0 -0.628347 0 -0.235619 0.1411 0 
2.88566 0 -0.628299 0 0.235619 0.1412 0 
2.88765 0 -0.628299 0 0 0.1413 0 
2.88962 0 -0.628347 0 -0.235619 0.1414 0 
2.8916 0 -0.628347 0 -0.235619 0.1415 0 
2.89358 0 -0.628299 0 0.235619 0.1416 0 
2.89556 0 -0.628299 0 0 0.1417 0 
2.89756 0 -0.628299 0 -0.235619 0.1418 0 
2.89954 0 -0.628299 0 0 0.1419 0 
2.90152 0 -0.628299 0 0 0.142 0 
2.90349 0 -0.628299 0 0.235619 0.1421 0 
2.90548 0 -0.628299 0 0 0.1422 0 
2.90746 0 -0.628299 0 -0.235619 0.1423 0 
2.90944 0 -0.628299 0 0.235619 0.1424 0 
2.91143 0 -0.628299 0 0 0.1425 0 
2.91343 0 -0.628299 0 0.235619 0.1426 0 
2.91542 0 -0.628299 0 0 0.1427 0 
2.9174 0 -0.628347 0 -0.235619 0.1428 0 
2.91938 0 -0.628299 0 0.235619 0.1429 0 
2.92136 0 -0.628347 0 0 0.143 0 
2.92335 0 -0.628299 0 0 0.1431 0 
2.92533 0 -0.628299 0 0 0.1432 0 
2.92731 0 -0.628347 0 0 0.1433 0 
2.92934 0 -0.628299 0 0.235619 0.1434 0 
2.93132 0 -0.628299 0 0 0.1435 0 
2.93332 0 -0.628299 0 0 0.1436 0 
2.93531 0 -0.628299 0 0 0.1437 0 
2.93729 0 -0.628347 0 -0.235619 0.1438 0 
2.93926 0 -0.628347 0 0 0.1439 0 
2.94123 0 -0.628299 0 -0.235619 0.144 0 
2.94318 0 -0.628299 0 0 0.1441 0 
2.94516 0 -0.628299 0 0 0.1442 0 
2.94714 0 -0.628299 0 0 0.1443 0 
2.94912 0 -0.628299 0 0 0.1444 0 
2.95111 0 -0.628299 0 0 0.1445 0 
2.95309 0 -0.628299 0 0 0.1446 0 
2.95506 0 -0.628299 0 0 0.1447 0 
2.95705 0 -0.628299 0 0 0.1448 0 
2.95904 0 -0.628347 0 -0.235619 0.1449 0 
2.96102 0 -0.628347 0 0 0.145 0 
2.963 0 -0.628347 0 -0.235619 0.1451 0 
2.96498 0 -0.628299 0 0 0.1452 0 
2.96697 0 -0.628299 0 0 0.1453 0 
2.96896 0 -0.628299 0 0.235619 0.1454 0 
2.97094 0 -0.628299 0 0.235619 0.1455 0 
2.97293 0 -0.628299 0 0 0.1456 0 
2.97491 0 -0.628299 0 0 0.1457 0 
2.9769 0 -0.628299 0 0 0.1458 0 
2.97888 0 -0.628347 0 -0.235619 0.1459 0 
2.98086 0 -0.628299 0 0.235619 0.146 0 
2.98284 0 -0.628347 0 -0.235619 0.1461 0 
2.98482 0 -0.628299 0 0 0.1462 0 
2.98681 0 -0.628299 0 0 0.1463 0 
2.98879 0 -0.628347 0 -0.235619 0.1464 0 
2.99077 0 -0.628347 0 0 0.1465 0 
2.99275 0 -0.628299 0 0 0.1466 0 
2.99473 0 -0.628299 0 0 0.1467 0 
2.99671 0 -0.628299 0 0 0.1468 0 
2.9987 0 -0.628347 0 0 0.1469 0 
3.00068 0 -0.628299 0 0 0.147 0 
3.0027 0 -0.628347 0 -0.235619 0.1471 0 
3.00469 0 -0.628299 0 0 0.1472 0 
3.00668 0 -0.628299 0 0 0.1473 0 
3.00866 0 -0.628299 0 0 0.1474 0 
3.01064 0 -0.628347 0 -0.235619 0.1475 0 
3.01263 0 -0.628347 0 -0.235619 0.1476 0 
3.01461 0 -0.628347 0 0 0.1477 0 
3.01659 0 -0.628299 0 0.235619 0.1478 0 
3.01857 0 -0.628299 0 0 0.1479 0 
3.02054 0 -0.628299 0 0 0.148 0 
3.02252 0 -0.628299 0 0 0.1481 0 
3.0245 0 -0.628299 0 0.235619 0.1482 0 
3.02648 0 -0.628299 0 0 0.1483 0 
3.02846 0 -0.628299 0 0 0.1484 0 
3.03044 0 -0.628299 0 0 0.1485 0 
3.03243 0 -0.628299 0 0 0.1486 0 
3.03442 0 -0.628299 0 0 0.1487 0 
3.03639 0 -0.628347 0 -0.235619 0.1488 0 
3.03837 0 -0.628299 0 0.235619 0.1489 0 
3.04036 0 -0.628347 0 0 0.149 0 
3.04234 0 -0.628347 0 -0.235619 0.1491 0 
3.04432 0 -0.628299 0 0.235619 0.1492 0 
3.04632 0 -0.628299 0 0 0.1493 0 
3.04831 0 -0.628347 0 0 0.1494 0 
3.05031 0 -0.628299 0 0 0.1495 0 
3.05229 0 -0.628299 0 0 0.1496 0 
3.0543 0 -0.628347 0 0 0.1497 0 
3.05629 0 -0.628347 0 0 0.1498 0 
3.05831 0 -0.628299 0 0.235619 0.1499 0 
3.0603 0 -0.628299 0 0.235619 0.15 0 
3.06228 0 -0.628299 0 0 0.1501 0 
3.06425 0 -0.628347 0 0 0.1502 0 
3.0663 0 -0.628299 0 0 0.1503 0 
3.06826 0 -0.628347 0 -0.235619 0.1504 0 
3.07026 0 -0.628299 0 0.235619 0.1505 0 
3.07223 0 -0.628299 0 0 0.1506 0 
3.07422 0 -0.628347 0 -0.235619 0.1507 0 
3.07619 0 -0.628299 0 0 0.1508 0 
3.07817 0 -0.628299 0 0 0.1509 0 
3.08014 0 -0.628347 0 -0.235619 0.151 0 
3.08211 0 -0.628299 0 0.235619 0.1511 0 
3.08408 0 -0.628299 0 0 0.1512 0 
3.08605 0 -0.628347 0 -0.235619 0.1513 0 
3.08803 0 -0.628347 0 0 0.1514 0 
3.09001 0 -0.628299 0 0.235619 0.1515 0 
3.09197 0 -0.628299 0 0 0.1516 0 
3.09395 0 -0.628347 0 -0.235619 0.1517 0 
3.09592 0 -0.628347 0 -0.235619 0.1518 0 
3.09789 0 -0.628347 0 0 0.1519 0 
3.09985 0 -0.628347 0 -0.235619 0.152 0 
3.10182 0 -0.628299 0 0.235619 0.1521 0 
3.10379 0 -0.628299 0 0.235619 0.1522 0 
3.10576 0 -0.628299 0 0 0.1523 0 
3.10773 0 -0.628299 0 0 0.1524 0 
3.1097 0 -0.628299 0 0 0.1525 0 
3.11167 0 -0.628347 0 -0.235619 0.1526 0 
3.11365 0 -0.628299 0 0.235619 0.1527 0 
3.11561 0 -0.628299 0 0 0.1528 0 
3.11759 0 -0.628299 0 0.235619 0.1529 0 
3.11956 0 -0.628299 0 0.235619 0.153 0 
3.12153 0 -0.628299 0 0.235619 0.1531 0 
3.12362 0 -0.628299 0 0.235619 0.1532 0 
3.12559 0 -0.628299 0 0 0.1533 0 
3.12756 0 -0.628299 0 0.235619 0.1534 0 
3.12955 0 -0.628299 0 0 0.1535 0 
3.13151 0 -0.628347 0 -0.235619 0.1536 0 
3.13348 0 -0.628299 0 0.235619 0.1537 0 
3.13544 0 -0.628299 0 0 0.1538 0 
3.1374 0 -0.628347 0 -0.235619 0.1539 0 
3.13936 0 -0.628299 0 0.235619 0.154 0 
3.14133 0 -0.628299 0 0 0.1541 0 
3.1433 0 -0.628347 0 0 0.1542 0 
3.14526 0 -0.628299 0 0 0.1543 0 
3.14722 0 -0.628347 0 -0.235619 0.1544 0 
3.14919 0 -0.628299 0 0 0.1545 0 
3.15115 0 -0.628299 0 0 0.1546 0 
3.15312 0 -0.628299 0 0 0.1547 0 
3.15509 0 -0.628347 0 -0.235619 0.1548 0 
3.15705 0 -0.628347 0 -0.235619 0.1549 0 
3.15901 0 -0.628347 0 -0.235619 0.155 0 
3.16099 0 -0.628299 0 0.235619 0.1551 0 
3.16296 0 -0.628299 0 0 0.1552 0 
3.16492 0 -0.628299 0 0 0.1553 0 
3.16689 0 -0.628347 0 0.235619 0.1554 0 
3.16885 0 -0.628299 0 0.235619 0.1555 0 
3.17083 0 -0.628299 0 0 0.1556 0 
3.1728 0 -0.628299 0 0 0.1557 0 
3.17478 0 -0.628347 0 -0.235619 0.1558 0 
3.17675 0 -0.628299 0 0 0.1559 0 
3.17871 0 -0.628299 0 0 0.156 0 
3.18067 0 -0.628299 0 0 0.1561 0 
3.18264 0 -0.628299 0 0 0.1562 0 
3.1846 0 -0.628299 0 0 0.1563 0 
3.18656 0 -0.628299 0 0 0.1564 0 
3.18854 0 -0.628299 0 0 0.1565 0 
3.19051 0 -0.628347 0 -0.235619 0.1566 0 
3.19247 0 -0.628299 0 0 0.1567 0 
3.19445 0 -0.628299 0 0 0.1568 0 
3.19643 0 -0.628299 0 0.235619 0.1569 0 
3.19843 0 -0.628299 0 0.235619 0.157 0 
3.20039 0 -0.628299 0 0 0.1571 0 
3.20235 0 -0.628299 0 0 0.1572 0 
3.20431 0 -0.628299 0 0.235619 0.1573 0 
3.2063 0 -0.628299 0 0 0.1574 0 
3.20827 0 -0.628299 0 0 0.1575 0 
3.21028 0 -0.628299 0 0 0.1576 0 
3.21228 0 -0.628347 0 0 0.1577 0 
3.21427 0 -0.628299 0 0 0.1578 0 
3.21623 0 -0.628299 0 0 0.1579 0 
3.2182 0 -0.628347 0 -0.235619 0.158 0 
3.22017 0 -0.628347 0 -0.235619 0.1581 0 
3.22214 0 -0.628299 0 -0.235619 0.1582 0 
3.2241 0 -0.628299 0 0 0.1583 0 
3.22607 0 -0.628299 0 -0.235619 0.1584 0 
3.22803 0 -0.628299 0 0 0.1585 0 
3.22999 0 -0.628347 0 -0.235619 0.1586 0 
3.23196 0 -0.628299 0 0 0.1587 0 
3.23392 0 -0.628347 0 -0.235619 0.1588 0 
3.23589 0 -0.628299 0 0 0.1589 0 
3.23785 0 -0.628299 0 0.235619 0.159 0 
3.23982 0 -0.628299 0 0 0.1591 0 
3.24178 0 -0.628347 0 0 0.1592 0 
3.24374 0 -0.628299 0 0 0.1593 0 
3.2457 0 -0.628299 0 0.235619 0.1594 0 
3.24767 0 -0.628299 0 0 0.1595 0 
3.24963 0 -0.628347 0 0 0.1596 0 
3.2516 0 -0.628299 0 0 0.1597 0 
3.25356 0 -0.628299 0 0 0.1598 0 
3.25552 0 -0.628299 0 0 0.1599 0 
3.25749 0 -0.628299 0 0 0.16 0 
3.25951 0 -0.628347 0 0.235619 0.1601 0 
3.26153 0 -0.628299 0 0 0.1602 0 
3.26355 0 -0.628299 0 -0.235619 0.1603 0 
3.26557 0 -0.628347 0 0 0.1604 0 
3.26759 0 -0.628299 0 0.235619 0.1605 0 
3.2696 0 -0.628347 0 0 0.1606 0 
3.27162 0 -0.628347 0 -0.235619 0.1607 0 
3.27364 0 -0.628299 0 0.235619 0.1608 0 
3.27565 0 -0.628299 0 0.235619 0.1609 0 
3.27765 0 -0.628299 0 0 0.161 0 
3.27968 0 -0.628347 0 -0.235619 0.1611 0 
3.28171 0 -0.628299 0 0.235619 0.1612 0 
3.28374 0 -0.628299 0 0 0.1613 0 
3.28576 0 -0.628299 0 0 0.1614 0 
3.28777 0 -0.628299 0 0.235619 0.1615 0 
3.2898 0 -0.628299 0 0 0.1616 0 
3.29182 0 -0.628347 0 -0.235619 0.1617 0 
3.29384 0 -0.628347 0 0 0.1618 0 
3.29586 0 -0.628299 0 0.235619 0.1619 0 
3.2979 0 -0.628299 0 0 0.162 0 
3.29996 0 -0.628299 0 0 0.1621 0 
3.30199 0 -0.628299 0 0 0.1622 0 
3.30402 0 -0.628299 0 0.235619 0.1623 0 
3.30609 0 -0.628299 0 0 0.1624 0 
3.30816 0 -0.628299 0 0.235619 0.1625 0 
3.31025 0 -0.628299 0 0 0.1626 0 
3.3123 0 -0.628347 0 -0.235619 0.1627 0 
3.31437 0 -0.628347 0 0 0.1628 0 
3.31641 0 -0.628299 0 0 0.1629 0 
3.31849 0 -0.628299 0 0 0.163 0 
3.32056 0 -0.628299 0 0 0.1631 0 
3.32262 0 -0.628299 0 0 0.1632 0 
3.32468 0 -0.628347 0 -0.235619 0.1633 0 
3.32673 0 -0.628299 0 0.235619 0.1634 0 
3.32877 0 -0.628347 0 0 0.1635 0 
3.33085 0 -0.628347 0 0 0.1636 0 
3.33292 0 -0.628299 0 0.235619 0.1637 0 
3.33499 0 -0.628299 0 0 0.1638 0 
3.33715 0 -0.628299 0 0 0.1639 0 
3.33912 0 -0.628299 0 0.235619 0.164 0 
3.34109 0 -0.628299 0 0.235619 0.1641 0 
3.34307 0 -0.628299 0 0 0.1642 0 
3.34505 0 -0.628299 0 0 0.1643 0 
3.34703 0 -0.628299 0 -0.235619 0.1644 0 
3.349 0 -0.628299 0 0.235619 0.1645 0 
3.35097 0 -0.628347 0 -0.235619 0.1646 0 
3.35293 0 -0.628299 0 0.235619 0.1647 0 
3.3549 0 -0.628347 0 0 0.1648 0 
3.35686 0 -0.628299 0 0 0.1649 0 
3.35882 0 -0.628299 0 0 0.165 0 
3.36079 0 -0.628299 0 0.235619 0.1651 0 
3.36275 0 -0.628299 0 0 0.1652 0 
3.36476 0 -0.628299 0 0 0.1653 0 
3.36672 0 -0.628299 0 0 0.1654 0 
3.36869 0 -0.628299 0 0 0.1655 0 
3.37065 0 -0.628347 0 -0.235619 0.1656 0 
3.37264 0 -0.628299 0 0.235619 0.1657 0 
3.37461 0 -0.628299 0 0 0.1658 0 
3.37657 0 -0.628347 0 -0.235619 0.1659 0 
3.37854 0 -0.628299 0 0.235619 0.166 0 
3.3805 0 -0.628299 0 0 0.1661 0 
3.38246 0 -0.628299 0 0 0.1662 0 
3.38442 0 -0.628299 0 0 0.1663 0 
3.38638 0 -0.628347 0 0 0.1664 0 
3.38834 0 -0.628347 0 0 0.1665 0 
3.3903 0 -0.628299 0 0 0.1666 0 
3.39226 0 -0.628347 0 -0.235619 0.1667 0 
3.39425 0 -0.628299 0 0.235619 0.1668 0 
3.39621 0 -0.628299 0 0.235619 0.1669 0 
3.39818 0 -0.628299 0 0 0.167 0 
3.40015 0 -0.628347 0 -0.235619 0.1671 0 
3.40211 0 -0.628347 0 -0.235619 0.1672 0 
3.40408 0 -0.628299 0 0.235619 0.1673 0 
3.40605 0 -0.628299 0 0.235619 0.1674 0 
3.40801 0 -0.628299 0 0.235619 0.1675 0 
3.40997 0 -0.628299 0 0 0.1676 0 
3.41194 0 -0.628299 0 0 0.1677 0 
3.4139 0 -0.628299 0 0 0.1678 0 
3.41586 0 -0.628299 0 0 0.1679 0 
3.41783 0 -0.628347 0 -0.235619 0.168 0 
3.41978 0 -0.628299 0 0.235619 0.1681 0 
3.42174 0 -0.628299 0 0 0.1682 0 
3.42371 0 -0.628299 0 0 0.1683 0 
3.42567 0 -0.628347 0 -0.235619 0.1684 0 
3.42763 0 -0.628299 0 0.235619 0.1685 0 
3.42959 0 -0.628299 0 0 0.1686 0 
3.43155 0 -0.628347 0 -0.235619 0.1687 0 
3.43351 0 -0.628299 0 0.235619 0.1688 0 
3.43548 0 -0.628347 0 0 0.1689 0 
3.43744 0 -0.628299 0 0.235619 0.169 0 
3.4394 0 -0.628299 0 0.235619 0.1691 0 
3.44137 0 -0.628347 0 -0.235619 0.1692 0 
3.44335 0 -0.628299 0 0.235619 0.1693 0 
3.44533 0 -0.628347 0 -0.235619 0.1694 0 
3.4473 0 -0.628299 0 0.235619 0.1695 0 
3.44927 0 -0.628299 0 0.235619 0.1696 0 
3.45123 0 -0.628299 0 0 0.1697 0 
3.45319 0 -0.628299 0 0 0.1698 0 
3.45515 0 -0.628299 0 0.235619 0.1699 0 
3.45712 0 -0.628299 0 0 0.17 0 
3.45908 0 -0.628299 0 0 0.1701 0 
3.46104 0 -0.628299 0 0 0.1702 0 
3.463 0 -0.628299 0 0 0.1703 0 
3.46496 0 -0.628299 0 0.235619 0.1704 0 
3.46692 0 -0.628299 0 0 0.1705 0 
3.46889 0 -0.628299 0 0 0.1706 0 
3.47085 0 -0.628299 0 0 0.1707 0 
3.47282 0 -0.628347 0 0 0.1708 0 
3.47478 0 -0.628347 0 0 0.1709 0 
3.47674 0 -0.628347 0 -0.235619 0.171 0 
3.4787 0 -0.628299 0 0 0.1711 0 
3.48066 0 -0.628299 0 0.235619 0.1712 0 
3.48262 0 -0.628347 0 0.235619 0.1713 0 
3.48458 0 -0.628347 0 -0.235619 0.1714 0 
3.48654 0 -0.628347 0 -0.235619 0.1715 0 
3.48851 0 -0.628299 0 0.235619 0.1716 0 
3.49048 0 -0.628347 0 -0.235619 0.1717 0 
3.49244 0 -0.628299 0 0 0.1718 0 
3.49441 0 -0.628299 0 0 0.1719 0 
3.49642 0 -0.628299 0 0 0.172 0 
3.49844 0 -0.628347 0 -0.235619 0.1721 0 
3.50045 0 -0.628299 0 0.235619 0.1722 0 
3.50247 0 -0.628299 0 0 0.1723 0 
3.50448 0 -0.628299 0 0 0.1724 0 
3.50652 0 -0.628299 0 0 0.1725 0 
3.50853 0 -0.628299 0 0.235619 0.1726 0 
3.51056 0 -0.628299 0 0 0.1727 0 
3.51258 0 -0.628299 0 0.235619 0.1728 0 
3.5146 0 -0.628299 0 0 0.1729 0 
3.51661 0 -0.628299 0 0 0.173 0 
3.51863 0 -0.628299 0 0 0.1731 0 
3.52065 0 -0.628299 0 0 0.1732 0 
3.52267 0 -0.628347 0 -0.235619 0.1733 0 
3.52468 0 -0.628299 0 0.235619 0.1734 0 
3.5267 0 -0.628299 0 0 0.1735 0 
3.52871 0 -0.628347 0 -0.235619 0.1736 0 
3.53073 0 -0.628299 0 0.235619 0.1737 0 
3.53275 0 -0.628299 0 0 0.1738 0 
3.53477 0 -0.628299 0 0 0.1739 0 
3.53678 0 -0.628299 0 0.235619 0.174 0 
3.53879 0 -0.628299 0 0 0.1741 0 
3.5408 0 -0.628299 0 0.235619 0.1742 0 
3.54282 0 -0.628347 0 -0.235619 0.1743 0 
3.54482 0 -0.628299 0 0.235619 0.1744 0 
3.54684 0 -0.628299 0 0 0.1745 0 
3.54885 0 -0.628299 0 0 0.1746 0 
3.55087 0 -0.628347 0 -0.235619 0.1747 0 
3.55288 0 -0.628299 0 0.235619 0.1748 0 
3.5549 0 -0.628299 0 0 0.1749 0 
3.55691 0 -0.628299 0 0 0.175 0 
3.55894 0 -0.628299 0 0 0.1751 0 
3.56095 0 -0.628347 0 -0.235619 0.1752 0 
3.56326 0 -0.628299 0 0.235619 0.1753 0 
3.56528 0 -0.628299 0 -0.235619 0.1754 0 
3.5673 0 -0.628299 0 0.235619 0.1755 0 
3.56932 0 -0.628299 0 0 0.1756 0 
3.57133 0 -0.628299 0 0.235619 0.1757 0 
3.57335 0 -0.628347 0 0 0.1758 0 
3.57536 0 -0.628299 0 0.235619 0.1759 0 
3.57738 0 -0.628299 0 0 0.176 0 
3.57939 0 -0.628299 0 0 0.1761 0 
3.58142 0 -0.628299 0 0 0.1762 0 
3.58345 0 -0.628299 0 0.235619 0.1763 0 
3.58547 0 -0.628347 0 -0.235619 0.1764 0 
3.58748 0 -0.628299 0 0 0.1765 0 
3.5895 0 -0.628347 0 -0.235619 0.1766 0 
3.59152 0 -0.628347 0 0 0.1767 0 
3.59353 0 -0.628299 0 0.235619 0.1768 0 
3.59554 0 -0.628299 0 0 0.1769 0 
3.59756 0 -0.628299 0 0 0.177 0 
3.59974 0 -0.628299 0 0 0.1771 0 
3.60175 0 -0.628299 0 0 0.1772 0 
3.60377 0 -0.628347 0 -0.235619 0.1773 0 
3.60578 0 -0.628299 0 0.235619 0.1774 0 
3.60779 0 -0.628347 0 0 0.1775 0 
3.6098 0 -0.628299 0 0.235619 0.1776 0 
3.61183 0 -0.628299 0 0 0.1777 0 
3.61388 0 -0.628347 0 -0.235619 0.1778 0 
3.6159 0 -0.628347 0 0 0.1779 0 
3.61792 0 -0.628347 0 0 0.178 0 
3.61993 0 -0.628299 0 0 0.1781 0 
3.62195 0 -0.628347 0 -0.235619 0.1782 0 
3.62397 0 -0.628299 0 0.235619 0.1783 0 
3.62599 0 -0.628347 0 -0.235619 0.1784 0 
3.62803 0 -0.628299 0 0.235619 0.1785 0 
3.63006 0 -0.628299 0 0 0.1786 0 
3.63209 0 -0.628299 0 0 0.1787 0 
3.6341 0 -0.628299 0 0 0.1788 0 
3.63611 0 -0.628347 0 -0.235619 0.1789 0 
3.63813 0 -0.628299 0 0 0.179 0 
3.64014 0 -0.628299 0 0 0.1791 0 
3.64215 0 -0.628347 0 -0.235619 0.1792 0 
3.64416 0 -0.628299 0 0.235619 0.1793 0 
3.64618 0 -0.628299 0 -0.235619 0.1794 0 
3.64819 0 -0.628299 0 0.235619 0.1795 0 
3.65031 0 -0.628299 0 0 0.1796 0 
3.65234 0 -0.628251 0 0 0.1797 0 
3.65435 0 -0.628347 0 -0.235619 0.1798 0 
3.65636 0 -0.628299 0 0.235619 0.1799 0 
3.65843 0 -0.628299 0 -0.235619 0.18 0 
3.66044 0 -0.628299 0 0.235619 0.1801 0 
3.66246 0 -0.628299 0 0 0.1802 0 
3.66446 0 -0.628299 0 0 0.1803 0 
3.66647 0 -0.628347 0 0 0.1804 0 
3.66848 0 -0.628299 0 0 0.1805 0 
3.6705 0 -0.628347 0 -0.235619 0.1806 0 
3.67251 0 -0.628299 0 0.235619 0.1807 0 
3.67452 0 -0.628347 0 0 0.1808 0 
3.67653 0 -0.628299 0 0 0.1809 0 
3.67854 0 -0.628299 0 0 0.181 0 
3.68055 0 -0.628347 0 -0.235619 0.1811 0 
3.68257 0 -0.628347 0 0 0.1812 0 
3.68458 0 -0.628299 0 0.235619 0.1813 0 
3.6866 0 -0.628299 0 0 0.1814 0 
3.68862 0 -0.628299 0 0 0.1815 0 
3.69063 0 -0.628299 0 0 0.1816 0 
3.6927 0 -0.628299 0 0 0.1817 0 
3.69472 0 -0.628299 0 0 0.1818 0 
3.69674 0 -0.628299 0 0 0.1819 0 
3.69898 0 -0.628299 0 0 0.182 0 
3.70105 0 -0.628299 0 0 0.1821 0 
3.70332 0 -0.628347 0 -0.235619 0.1822 0 
3.70537 0 -0.628299 0 0 0.1823 0 
3.70738 0 -0.628251 0 0.235619 0.1824 0 
3.70963 0 -0.628299 0 0 0.1825 0 
3.71193 0 -0.628347 0 -0.235619 0.1826 0 
3.71397 0 -0.628299 0 0.235619 0.1827 0 
3.71599 0 -0.628299 0 0 0.1828 0 
3.718 0 -0.628299 0 0 0.1829 0 
3.72005 0 -0.628299 0 0 0.183 0 
3.72232 0 -0.628347 0 0 0.1831 0 
3.72433 0 -0.628299 0 0 0.1832 0 
3.72635 0 -0.628347 0 -0.235619 0.1833 0 
3.72837 0 -0.628299 0 0.235619 0.1834 0 
3.73062 0 -0.628347 0 -0.235619 0.1835 0 
3.73263 0 -0.628299 0 0 0.1836 0 
3.73464 0 -0.628299 0 0 0.1837 0 
3.73669 0 -0.628299 0 0 0.1838 0 
3.7387 0 -0.628299 0 0 0.1839 0 
3.74072 0 -0.628299 0 0 0.184 0 
3.74272 0 -0.628299 0 0 0.1841 0 
3.74473 0 -0.628347 0 -0.235619 0.1842 0 
3.74675 0 -0.628299 0 0.235619 0.1843 0 
3.74876 0 -0.628347 0 -0.235619 0.1844 0 
3.75077 0 -0.628299 0 0.235619 0.1845 0 
3.75278 0 -0.628299 0 0 0.1846 0 
3.7548 0 -0.628299 0 0 0.1847 0 
3.75682 0 -0.628299 0 0 0.1848 0 
3.75883 0 -0.628299 0 0 0.1849 0 
3.76083 0 -0.628299 0 0 0.185 0 
3.76285 0 -0.628299 0 0 0.1851 0 
3.76486 0 -0.628299 0 0 0.1852 0 
3.76687 0 -0.628299 0 0 0.1853 0 
3.76888 0 -0.628299 0 0 0.1854 0 
3.77093 0 -0.628347 0 -0.235619 0.1855 0 
3.77294 0 -0.628299 0 0.235619 0.1856 0 
3.77534 0 -0.628299 0 0.235619 0.1857 0 
3.77736 0 -0.628347 0 -0.235619 0.1858 0 
3.77943 0 -0.628347 0 -0.235619 0.1859 0 
3.78167 0 -0.628347 0 -0.235619 0.186 0 
3.78377 0 -0.628299 0 0.235619 0.1861 0 
3.78582 0 -0.628347 0 -0.235619 0.1862 0 
3.78783 0 -0.628299 0 0 0.1863 0 
3.7898 0 -0.628299 0 0 0.1864 0 
3.79176 0 -0.628299 0 0 0.1865 0 
3.79373 0 -0.628299 0 0 0.1866 0 
3.7957 0 -0.628299 0 0.235619 0.1867 0 
3.79766 0 -0.628299 0 0.235619 0.1868 0 
3.79965 0 -0.628347 0 -0.235619 0.1869 0 
3.80162 0 -0.628299 0 0 0.187 0 
3.8036 0 -0.628299 0 0 0.1871 0 
3.80557 0 -0.628299 0 0 0.1872 0 
3.80756 0 -0.628347 0 -0.235619 0.1873 0 
3.80956 0 -0.628299 0 0.235619 0.1874 0 
3.81155 0 -0.628299 0 0 0.1875 0 
3.81351 0 -0.628299 0 0 0.1876 0 
3.81549 0 -0.628299 0 0 0.1877 0 
3.81748 0 -0.628347 0 -0.235619 0.1878 0 
3.81947 0 -0.628299 0 0.235619 0.1879 0 
3.82147 0 -0.628299 0 0 0.188 0 
3.82345 0 -0.628299 0 0 0.1881 0 
3.82548 0 -0.628299 0 0.235619 0.1882 0 
3.82745 0 -0.628299 0 0 0.1883 0 
3.82942 0 -0.628347 0 0 0.1884 0 
3.83139 0 -0.628347 0 -0.235619 0.1885 0 
3.83338 0 -0.628299 0 0.235619 0.1886 0 
3.83537 0 -0.628299 0 0 0.1887 0 
3.83733 0 -0.628299 0 0 0.1888 0 
3.8393 0 -0.628299 0 0 0.1889 0 
3.84126 0 -0.628347 0 -0.235619 0.189 0 
3.84323 0 -0.628299 0 0.235619 0.1891 0 
3.8452 0 -0.628299 0 0 0.1892 0 
3.84716 0 -0.628299 0 0 0.1893 0 
3.84917 0 -0.628299 0 0 0.1894 0 
3.85114 0 -0.628299 0 0.235619 0.1895 0 
3.8531 0 -0.628299 0 0 0.1896 0 
3.85507 0 -0.628299 0 0 0.1897 0 
3.85706 0 -0.628299 0 0 0.1898 0 
3.85902 0 -0.628347 0 -0.235619 0.1899 0 
3.86099 0 -0.628299 0 0 0.19 0 
3.86296 0 -0.628299 0 0 0.1901 0 
3.86492 0 -0.628299 0 0 0.1902 0 
3.86689 0 -0.628347 0 0 0.1903 0 
3.86886 0 -0.628299 0 0 0.1904 0 
3.87082 0 -0.628299 0 0 0.1905 0 
3.87281 0 -0.628347 0 -0.235619 0.1906 0 
3.87479 0 -0.628299 0 0.235619 0.1907 0 
3.87677 0 -0.628299 0 0 0.1908 0 
3.87875 0 -0.628299 0 -0.235619 0.1909 0 
3.88073 0 -0.628299 0 0 0.191 0 
3.88272 0 -0.628299 0 -0.235619 0.1911 0 
3.8847 0 -0.628299 0 0 0.1912 0 
3.88668 0 -0.628347 0 -0.235619 0.1913 0 
3.88865 0 -0.628347 0 0 0.1914 0 
3.89064 0 -0.628299 0 -0.235619 0.1915 0 
3.89263 0 -0.628347 0 0 0.1916 0 
3.89461 0 -0.628299 0 0.235619 0.1917 0 
3.89659 0 -0.628299 0 0 0.1918 0 
3.89858 0 -0.628299 0 0 0.1919 0 
3.90056 0 -0.628299 0 0 0.192 0 
3.90255 0 -0.628347 0 -0.235619 0.1921 0 
3.90453 0 -0.628299 0 0 0.1922 0 
3.90651 0 -0.628347 0 -0.235619 0.1923 0 
3.90849 0 -0.628299 0 0 0.1924 0 
3.91047 0 -0.628299 0 0 0.1925 0 
3.91244 0 -0.628347 0 -0.235619 0.1926 0 
3.91441 0 -0.628299 0 0 0.1927 0 
3.91638 0 -0.628299 0 0.235619 0.1928 0 
3.91835 0 -0.628299 0 0 0.1929 0 
3.92033 0 -0.628299 0 0 0.193 0 
3.9223 0 -0.628299 0 0 0.1931 0 
3.92428 0 -0.628299 0 0 0.1932 0 
3.92629 0 -0.628347 0 0.235619 0.1933 0 
3.92825 0 -0.628299 0 0.235619 0.1934 0 
3.93025 0 -0.628299 0 0.235619 0.1935 0 
3.93224 0 -0.628347 0 0.235619 0.1936 0 
3.93425 0 -0.628299 0 0 0.1937 0 
3.93621 0 -0.628299 0 0 0.1938 0 
3.93818 0 -0.628299 0 0 0.1939 0 
3.94015 0 -0.628299 0 0 0.194 0 
3.94215 0 -0.628299 0 0 0.1941 0 
3.94412 0 -0.628299 0 0 0.1942 0 
3.94609 0 -0.628299 0 0.235619 0.1943 0 
3.94809 0 -0.628299 0 0 0.1944 0 
3.95003 0 -0.628251 0 0.235619 0.1945 0 
3.95201 0 -0.628299 0 0 0.1946 0 
3.95399 0 -0.628299 0 0.235619 0.1947 0 
3.95598 0 -0.628299 0 0 0.1948 0 
3.95797 0 -0.628299 0 0 0.1949 0 
3.95994 0 -0.628299 0 0 0.195 0 
3.96193 0 -0.628299 0 0 0.1951 0 
3.96391 0 -0.628299 0 0 0.1952 0 
3.96589 0 -0.628299 0 0 0.1953 0 
3.96791 0 -0.628299 0 0 0.1954 0 
3.96989 0 -0.628299 0 0 0.1955 0 
3.97187 0 -0.628299 0 0 0.1956 0 
3.97385 0 -0.628299 0 0 0.1957 0 
3.97584 0 -0.628299 0 -0.235619 0.1958 0 
3.97782 0 -0.628299 0 0 0.1959 0 
3.9798 0 -0.628299 0 0 0.196 0 
3.98178 0 -0.628347 0 0 0.1961 0 
3.98376 0 -0.628299 0 0 0.1962 0 
3.98575 0 -0.628299 0 0 0.1963 0 
3.98772 0 -0.628299 0 0.235619 0.1964 0 
3.9897 0 -0.628299 0 0 0.1965 0 
3.99169 0 -0.628347 0 -0.235619 0.1966 0 
3.99367 0 -0.628299 0 0 0.1967 0 
3.99565 0 -0.628299 0 0 0.1968 0 
3.99764 0 -0.628299 0 0 0.1969 0 
3.99962 0 -0.628299 0 0 0.197 0 
4.00159 0 -0.628299 0 0 0.1971 0 
4.00361 0 -0.628299 0 0 0.1972 0 
4.00559 0 -0.628299 0 0 0.1973 0 
4.00757 0 -0.628299 0 0 0.1974 0 
4.00955 0 -0.628299 0 0 0.1975 0 
4.01166 0 -0.628347 0 -0.235619 0.1976 0 
4.01365 0 -0.628299 0 0.235619 0.1977 0 
4.01564 0 -0.628299 0 0 0.1978 0 
4.01762 0 -0.628347 0 0 0.1979 0 
4.01959 0 -0.628299 0 0.235619 0.198 0 
4.02157 0 -0.628347 0 -0.235619 0.1981 0 
4.02355 0 -0.628299 0 0 0.1982 0 
4.02552 0 -0.628299 0 0.235619 0.1983 0 
4.0275 0 -0.628299 0 0 0.1984 0 
4.02949 0 -0.628299 0 0 0.1985 0 
4.03146 0 -0.628299 0 0 0.1986 0 
4.03344 0 -0.628299 0 0.235619 0.1987 0 
4.0354 0 -0.628299 0 0 0.1988 0 
4.03736 0 -0.628299 0 0 0.1989 0 
4.03933 0 -0.628299 0 0 0.199 0 
4.04128 0 -0.628299 0 0 0.1991 0 
4.04324 0 -0.628347 0 -0.235619 0.1992 0 
4.04523 0 -0.628299 0 0 0.1993 0 
4.04721 0 -0.628299 0 0 0.1994 0 
4.0492 0 -0.628347 0 -0.235619 0.1995 0 
4.0512 0 -0.628299 0 0 0.1996 0 
4.05319 0 -0.628299 0 0 0.1997 0 
4.05517 0 -0.628299 0 0 0.1998 0 
4.05717 0 -0.628299 0 0 0.1999 0 
4.05916 0 -0.628299 0 0 0.2 0 
4.06115 0 -0.628299 0 0 0.2001 0 
4.06318 0 -0.628299 0 0 0.2002 0 
4.06518 0 -0.628299 0 0 0.2003 0 
4.06716 0 -0.628299 0 0.235619 0.2004 0 
4.06913 0 -0.628299 0 0 0.2005 0 
4.0711 0 -0.628347 0 -0.235619 0.2006 0 
4.07307 0 -0.628299 0 0 0.2007 0 
4.07503 0 -0.628347 0 -0.235619 0.2008 0 
4.077 0 -0.628299 0 0 0.2009 0 
4.07896 0 -0.628299 0 0 0.201 0 
4.08092 0 -0.628299 0 0.235619 0.2011 0 
4.08292 0 -0.628299 0 0 0.2012 0 
4.08492 0 -0.628347 0 -0.235619 0.2013 0 
4.08689 0 -0.628299 0 0.235619 0.2014 0 
4.08886 0 -0.628347 0 -0.235619 0.2015 0 
4.09082 0 -0.628299 0 0 0.2016 0 
4.09278 0 -0.628299 0 0.235619 0.2017 0 
4.09475 0 -0.628299 0 0.235619 0.2018 0 
4.09671 0 -0.628347 0 -0.235619 0.2019 0 
4.09871 0 -0.628299 0 0.235619 0.202 0 
4.10067 0 -0.628299 0 0 0.2021 0 
4.10263 0 -0.628347 0 0.235619 0.2022 0 
4.10459 0 -0.628299 0 0.235619 0.2023 0 
4.1066 0 -0.628299 0 0 0.2024 0 
4.10856 0 -0.628347 0 -0.235619 0.2025 0 
4.11052 0 -0.628299 0 0 0.2026 0 
4.11249 0 -0.628299 0 0 0.2027 0 
4.11445 0 -0.628299 0 0 0.2028 0 
4.11642 0 -0.628299 0 0 0.2029 0 
4.11839 0 -0.628347 0 -0.235619 0.203 0 
4.12035 0 -0.628299 0 0 0.2031 0 
4.12231 0 -0.628299 0 -0.235619 0.2032 0 
4.12428 0 -0.628299 0 0 0.2033 0 
4.12627 0 -0.628347 0 -0.235619 0.2034 0 
4.12823 0 -0.628299 0 0.235619 0.2035 0 
4.1302 0 -0.628299 0 0.235619 0.2036 0 
4.13216 0 -0.628299 0 0 0.2037 0 
4.13413 0 -0.628299 0 0 0.2038 0 
4.13609 0 -0.628299 0 0 0.2039 0 
4.13806 0 -0.628299 0 0.235619 0.204 0 
4.14003 0 -0.628299 0 0 0.2041 0 
4.14199 0 -0.628299 0 0.235619 0.2042 0 
4.14395 0 -0.628299 0 0 0.2043 0 
4.14591 0 -0.628299 0 0 0.2044 0 
4.14788 0 -0.628347 0 -0.235619 0.2045 0 
4.14984 0 -0.628299 0 0 0.2046 0 
4.1518 0 -0.628299 0 0 0.2047 0 
4.1538 0 -0.628299 0 0 0.2048 0 
4.15576 0 -0.628299 0 0.235619 0.2049 0 
4.15773 0 -0.628347 0 -0.235619 0.205 0 
4.15969 0 -0.628299 0 0 0.2051 0 
4.16166 0 -0.628299 0 0.235619 0.2052 0 
4.16362 0 -0.628299 0 0 0.2053 0 
4.16558 0 -0.628299 0 0 0.2054 0 
4.16754 0 -0.628299 0 0 0.2055 0 
4.16951 0 -0.628299 0 0.235619 0.2056 0 
4.17148 0 -0.628347 0 -0.235619 0.2057 0 
4.17345 0 -0.628299 0 0 0.2058 0 
4.17542 0 -0.628347 0 -0.235619 0.2059 0 
4.17738 0 -0.628347 0 0 0.206 0 
4.17934 0 -0.628299 0 0 0.2061 0 
4.18131 0 -0.628299 0 0.235619 0.2062 0 
4.18328 0 -0.628299 0 0 0.2063 0 
4.18523 0 -0.628347 0 -0.235619 0.2064 0 
4.18723 0 -0.628299 0 0.235619 0.2065 0 
4.18922 0 -0.628299 0 0 0.2066 0 
4.19119 0 -0.628299 0 0 0.2067 0 
4.19316 0 -0.628347 0 -0.235619 0.2068 0 
4.19513 0 -0.628299 0 0 0.2069 0 
4.19709 0 -0.628299 0 0.235619 0.207 0 
4.19906 0 -0.628251 0 0.235619 0.2071 0 
4.20103 0 -0.628299 0 0 0.2072 0 
4.2029 0 -0.628347 0 -0.235619 0.2073 0 
